0 1.5 3 0
0.01 1.51768 2.97723 0.000140156
0.04 1.57295 2.90561 0.0119109
0.121729 1.73955 2.68552 0.742796
0.200962 1.91814 2.44134 0.639991
0.280688 2.10029 2.17868 0.356835
0.373527 2.28466 1.88323 0.496787
0.445576 2.38436 1.6871 0.67854
0.517022 2.43493 1.53552 0.876382
0.58348 2.4393 1.43543 0.633518
0.650523 2.40842 1.37067 0.498093
0.722346 2.34567 1.33437 0.41164
0.803047 2.25056 1.32458 0.345312
0.897794 2.11985 1.34288 0.320704
1.01111 1.95208 1.39321 0.38764
1.14036 1.75942 1.4753 0.431772
1.28385 1.5541 1.58652 0.414941
1.44477 1.34128 1.72758 0.402042
1.62664 1.12717 1.89953 0.399874
1.83248 0.921519 2.10086 0.72691
2.00586 0.779325 2.26939 0.609643
2.18245 0.662937 2.43544 0.974229
2.34242 0.580426 2.57875 0.786123
2.49532 0.5195 2.70869 0.68335
2.64668 0.473809 2.83073 0.617103
2.80037 0.439575 2.94861 0.567851
2.95971 0.414314 3.0653 0.527471
3.12798 0.396306 3.18349 0.491795
3.30883 0.384342 3.30582 0.458255
3.50666 0.377612 3.4351 0.424899
3.72719 0.375677 3.57459 0.389641
3.97839 0.378544 3.7283 0.347641
4.27283 0.386946 3.90176 0.285359
4.6354 0.403401 4.10479 0.204201
5.00402 0.427147 4.29682 0.534195
5.31991 0.454667 4.44612 0.610168
5.59638 0.486676 4.56066 0.639083
5.8421 0.524728 4.6443 0.650081
6.08839 0.577794 4.70215 0.989755
6.31062 0.648292 4.71819 0.902458
6.51583 0.750116 4.67894 0.626619
6.69508 0.899153 4.56257 0.969893
6.79262 1.02715 4.43855 0.875927
6.86282 1.15569 4.30381 0.679638
6.92039 1.29601 4.15068 0.663704
6.96931 1.45048 3.97811 0.657843
7.01193 1.62077 3.78512 0.654748
7.04991 1.80825 3.57063 0.653255
7.08792 2.03626 3.30769 0.955562
7.12253 2.28183 3.02211 0.87973
7.15469 2.53976 2.71887 0.747435
7.18582 2.80677 2.39981 0.578227
7.21795 3.08111 2.06297 0.263052
7.25045 3.33113 1.74115 0.613867
7.27515 3.48728 1.52542 0.621382
7.29761 3.59732 1.3582 0.645383
7.32017 3.67577 1.22022 0.805933
7.3416 3.72216 1.11596 0.695425
7.36271 3.74423 1.03613 0.626193
7.38408 3.74657 0.97511 0.579019
7.40612 3.73207 0.929195 0.542561
7.42924 3.70267 0.895758 0.512925
7.45382 3.65962 0.872879 0.487555
7.48029 3.60367 0.859139 0.465326
7.50914 3.53516 0.853504 0.445867
7.54092 3.45412 0.855265 0.429125
7.57625 3.36032 0.863994 0.415853
7.61586 3.25344 0.87952 0.409378
7.66041 3.13337 0.901858 0.410589
7.71051 3.00057 0.931127 0.42046
7.7665 2.85629 0.96745 0.436347
7.8285 2.70253 1.01092 0.451757
7.89656 2.54139 1.06171 0.46008
7.97094 2.37444 1.12028 0.458616
8.05229 2.20241 1.18758 0.448184
8.14177 2.02527 1.26515 0.43044
8.24119 1.84237 1.35532 0.406275
8.35326 1.65261 1.46146 0.375099
8.48215 1.45446 1.58849 0.331858
8.63499 1.24567 1.74413 0.249665
8.82958 1.01894 1.94581 0.34716
9.00126 0.853928 2.1222 0.529621
9.15925 0.729795 2.27955 0.619052
9.31956 0.629115 2.43195 0.868099
9.46903 0.555785 2.56642 0.728249
9.61465 0.500765 2.69032 0.651106
9.76055 0.459178 2.80792 0.596953
9.90994 0.427926 2.92243 0.554481
10.0657 0.404884 3.03651 0.518419
10.231 0.388543 3.15265 0.485852
10.4091 0.377822 3.27334 0.454892
10.6044 0.371989 3.4013 0.424121
10.8221 0.370642 3.53961 0.392137
11.0697 0.373775 3.69202 0.355468
11.3583 0.382003 3.86345 0.305101
11.7078 0.397328 4.06161 0.207476
12.1035 0.421787 4.27104 0.564684
12.4277 0.448965 4.4271 0.59584
12.7102 0.480337 4.5472 0.635345
12.9604 0.517339 4.63582 0.648654
13.1859 0.562596 4.69455 0.653939
13.4115 0.627194 4.72184 0.905982
13.6197 0.718443 4.69943 0.719427
13.8231 0.868992 4.59235 0.668444
13.922 0.986273 4.48258 0.691659
13.9977 1.11148 4.35392 0.685545
14.0588 1.24756 4.20706 0.666874
14.1102 1.39715 4.04106 0.659425
14.1547 1.56204 3.85499 0.6556
14.194 1.7437 3.64779 0.653622
14.2333 1.96688 3.39111 0.985088
14.2689 2.2085 3.11094 0.917967
14.3016 2.46333 2.81252 0.789759
14.3328 2.7282 2.49789 0.636051
14.3642 3.00043 2.16702 0.390646
14.4 3.28712 1.80346 0.44456
14.4254 3.45686 1.57341 0.597953
14.4482 3.57716 1.3956 0.642872
14.4712 3.66478 1.24778 0.842927
14.4927 3.71775 1.13677 0.716901
14.5138 3.74499 1.05193 0.63947
14.535 3.75163 0.986955 0.588707
14.5568 3.74089 0.937812 0.55036
14.5796 3.71488 0.901671 0.519429
14.6037 3.67499 0.87647 0.493242
14.6297 3.62209 0.860688 0.470363
14.6578 3.55659 0.853207 0.450273
14.6888 3.47859 0.853247 0.433087
14.7231 3.38794 0.860314 0.418362
14.7616 3.28428 0.87418 0.410359
14.8048 3.16744 0.894821 0.409527
14.8534 3.0377 0.92234 0.417393
14.9079 2.8961 0.956863 0.432331
14.9683 2.74451 0.998486 0.448602
15.0348 2.58506 1.04734 0.459145
15.1074 2.4195 1.1038 0.460159
15.1868 2.24878 1.16866 0.451841
15.274 2.07304 1.24331 0.435857
15.3705 1.89177 1.32984 0.413359
15.4789 1.70398 1.43132 0.384239
15.6027 1.50825 1.55217 0.345333
15.7482 1.30263 1.69914 0.279089
15.9282 1.08235 1.88532 0.186877
16.1058 0.900904 2.06877 0.479956
16.2676 0.765232 2.23183 0.602776
16.4329 0.654119 2.39129 0.927694
16.5845 0.57431 2.52983 0.75761
16.7307 0.514736 2.6562 0.66975
16.8761 0.469735 2.77522 0.610697
17.0242 0.435819 2.89031 0.565629
17.1779 0.41064 3.00426 0.528124
17.3402 0.392537 3.11957 0.494794
17.5143 0.380321 3.23871 0.463538
17.7043 0.373166 3.36433 0.432847
17.915 0.370575 3.49938 0.401376
18.1533 0.372417 3.64738 0.366597
18.4289 0.379093 3.81286 0.322099
18.7582 0.392059 4.00234 0.239561
19.1817 0.41625 4.23084 0.571466
19.5163 0.442568 4.3956 0.576334
19.8073 0.472916 4.52326 0.630257
20 0.498618 4.59676 0


0 1.5 3 0
1 1.96873 1.38722 0
2 0.78367 2.26377 0
3 0.409282 3.09404 0
4 0.378992 3.74127 0
5 0.426844 4.29482 0
6 0.556457 4.68521 0
7 1.56921 3.84378 0
8 2.31175 1.14395 0
9 0.855022 2.12092 0
10 0.413573 2.98898 0
11 0.372476 3.64961 0
12 0.414576 4.21802 0
13 0.524291 4.64782 0
14 1.11601 4.34913 0
15 2.66749 1.02143 0
16 1.0048 1.95978 0
17 0.440659 2.87185 0
18 0.370734 3.55271 0
19 0.40477 4.13516 0
20 0.498618 4.59676 0


0.001 336 0.00268871
0.000794328 344 0.00219908
0.000630957 376 0.00197122
0.000501187 380 0.00146881
0.000398107 404 0.00104051
0.000316228 412 0.00105239
0.000251189 424 0.000810694
0.000199526 460 0.000601185
0.000158489 452 0.00306407
0.000125893 496 0.000419007
0.0001 500 0.000367184
7.94328e-05 548 0.000261428
6.30957e-05 552 0.000217045
5.01187e-05 608 0.000160649
3.98107e-05 612 0.00016629
3.16228e-05 620 0.000324155
2.51189e-05 672 9.23555e-05
1.99526e-05 696 6.87691e-05
1.58489e-05 732 4.97423e-05
1.25893e-05 764 4.34013e-05
1e-05 792 2.84401e-05
7.94328e-06 824 1.92303e-05
6.30957e-06 864 1.71681e-05
5.01187e-06 908 1.31984e-05
3.98107e-06 948 8.30026e-06
3.16228e-06 984 6.06126e-06
2.51189e-06 1032 4.99094e-06
1.99526e-06 1092 4.36287e-06
1.58489e-06 1132 3.34558e-06
1.25893e-06 1188 2.53229e-06
1e-06 1236 2.0268e-06
7.94328e-07 1312 1.89158e-06
6.30957e-07 1352 1.44461e-06
5.01187e-07 1420 1.13401e-06
3.98107e-07 1488 9.2577e-07
3.16228e-07 1572 7.14523e-07
2.51189e-07 1652 6.41123e-07
1.99526e-07 1732 4.77664e-07
1.58489e-07 1824 3.68804e-07
1.25893e-07 1920 3.20749e-07
1e-07 2020 2.33875e-07
7.94328e-08 2124 1.84608e-07
6.30957e-08 2236 1.4255e-07
5.01187e-08 2368 1.13663e-07
3.98107e-08 2480 1.11957e-07
3.16228e-08 2620 7.34323e-08
2.51189e-08 2768 5.73877e-08
1.99526e-08 2932 4.62171e-08
1.58489e-08 3084 4.09302e-08
1.25893e-08 3264 2.76955e-08
1e-08 3444 2.28579e-08
7.94328e-09 3660 1.82604e-08
6.30957e-09 3848 1.34236e-08
5.01187e-09 4068 1.1315e-08
3.98107e-09 4296 8.62226e-09
3.16228e-09 4556 6.92217e-09
2.51189e-09 4816 5.94174e-09
1.99526e-09 5104 4.59289e-09
1.58489e-09 5392 3.58439e-09
1.25893e-09 5716 3.06214e-09
1e-09 6052 2.40283e-09
7.94328e-10 6408 2.07202e-09
6.30957e-10 6784 1.49431e-09
5.01187e-10 7176 1.2441e-09
3.98107e-10 7596 9.92947e-10
3.16228e-10 8044 8.57083e-10
2.51189e-10 8512 7.47974e-10
1.99526e-10 9020 5.17833e-10
1.58489e-10 9548 4.5113e-10
1.25893e-10 10108 3.70498e-10
1e-10 10704 2.92156e-10
7.94328e-11 11332 2.31592e-10
6.30957e-11 12004 1.80079e-10
5.01187e-11 12708 1.51172e-10
3.98107e-11 13460 1.33561e-10
3.16228e-11 14256 9.49704e-11
2.51189e-11 15100 7.94778e-11
1.99526e-11 15988 6.37192e-11
1.58489e-11 16940 5.36484e-11
1.25893e-11 17932 4.49285e-11
1e-11 18992 3.35821e-11
7.94328e-12 20116 2.74105e-11
6.30957e-12 21304 2.10483e-11
5.01187e-12 22564 1.75457e-11
3.98107e-12 23896 1.35246e-11
3.16228e-12 25308 1.14829e-11
2.51189e-12 26800 9.43018e-12
1.99526e-12 28380 7.88655e-12
1.58489e-12 30060 5.75787e-12
1.25893e-12 31840 4.60712e-12
1e-12 33728 3.75222e-12
7.94328e-13 35720 3.05412e-12
6.30957e-13 37832 2.39278e-12
5.01187e-13 40068 1.96997e-12
3.98107e-13 42440 1.5615e-12
3.16228e-13 44944 1.34811e-12
2.51189e-13 47604 9.70955e-13
1.99526e-13 50432 7.94483e-13
1.58489e-13 53412 6.44989e-13
1.25893e-13 56584 5.07574e-13


0 1 0 0 0
0.01 1 5e-05 0 -6.94446e-15
0.04 1 0.0008 -4.66294e-15 -8.44445e-12
0.13 0.999964 0.00844989 -3.75577e-11 -6.97976e-09
0.4 0.996801 0.0799094 -2.61303e-07 -5.30619e-06
1.19503 0.754352 0.650405 -0.00136597 -0.00449216
1.68208 0.15847 0.981962 0.00299498 -0.00587813
2.08374 -0.556301 0.822731 0.00849152 -0.00250249
2.42434 -0.969829 0.207036 0.00966334 0.00555219
2.72257 -0.841456 -0.522117 0.00334981 0.0129558
3.02356 -0.15118 -0.975909 -0.0102266 0.0141072
3.29462 0.634358 -0.753552 -0.021175 0.00161494
3.54061 0.982221 -0.0324646 -0.0176631 -0.017253
3.76549 0.693076 0.693985 0.000895527 -0.0277392
3.9801 -0.042893 0.977778 0.0236688 -0.0200041
4.17704 -0.730725 0.648543 0.0335145 0.0036102
4.36984 -0.970607 -0.0930429 0.0218431 0.0296029
4.54748 -0.616088 -0.753752 -0.00628951 0.0388041
4.724 0.126642 -0.963339 -0.0351514 0.0234854
4.88727 0.767958 -0.592841 -0.043789 -0.00883138
5.05108 0.956856 0.148794 -0.0250852 -0.0403906
5.20312 0.576615 0.776219 0.0111943 -0.0485836
5.35665 -0.162773 0.951373 0.0453789 -0.0267239
5.49959 -0.780332 0.565744 0.0532611 0.0133652
5.6446 -0.946842 -0.170784 0.0284448 0.0501605
5.77997 -0.558957 -0.781468 -0.0153452 0.0578688
5.91776 0.174373 -0.943124 -0.0547687 0.0302694
6.04671 0.780422 -0.555277 -0.0624369 -0.017142
6.17829 0.940058 0.174656 -0.0322066 -0.0592291
6.30169 0.553952 0.77775 0.0187665 -0.0669847
6.42785 -0.172455 0.937491 0.0635616 -0.0342579
6.54639 -0.773854 0.554399 0.0715241 0.0202311
6.66777 -0.935291 -0.168389 0.0364201 0.067782
6.78202 -0.556166 -0.769032 -0.0215486 0.0760619
6.89913 0.16293 -0.933348 -0.071903 0.0386873
7.00954 0.76351 -0.558898 -0.0806021 -0.0227317
7.12282 0.931573 0.156443 -0.0410522 -0.0759353
7.22978 0.562319 0.757462 0.0237926 -0.0851461
7.33958 -0.149215 0.929896 0.0798879 -0.0435065
7.44341 -0.751027 0.566211 0.0896943 0.0247431
7.55004 -0.928262 -0.141469 0.0460417 0.0837685
7.65101 -0.570405 -0.744313 -0.0255945 0.0942459
7.75473 0.133383 -0.926632 -0.0875842 0.0486491
7.85308 0.73741 -0.574767 -0.0987998 -0.0263574
7.95413 0.924976 0.125098 -0.0513205 -0.0913409
8 0.818285 0.446448 -0.0159381 -0.104978


0 1 0 0 0
0.00666667 1 2.22222e-05 6.17285e-11 -2.28628e-16
0.0133333 1 8.88889e-05 9.87654e-10 1.05533e-12
0.02 1 0.0002 4.99999e-09 5.38889e-12
0.0266667 1 0.000355556 6.17283e-09 5.44216e-12
0.0333333 1 0.000555556 3.02468e-09 -1.76155e-12
0.04 1 0.0008 -4.66294e-15 -8.44445e-12
0.0466667 0.999999 0.00108889 3.85766e-08 4.89102e-10
0.0533333 0.999999 0.00142222 1.30604e-07 1.69555e-09
0.06 0.999999 0.0018 2.44973e-07 3.20732e-09
0.0666667 0.999998 0.00222223 3.56501e-07 4.66321e-09
0.0733333 0.999997 0.00268889 4.45931e-07 5.75553e-09
0.08 0.999995 0.0032 4.99931e-07 6.24271e-09
0.0866667 0.999993 0.00375555 5.11094e-07 5.96301e-09
0.0933333 0.999991 0.00435555 4.77941e-07 4.84977e-09
0.1 0.999988 0.00499998 4.04917e-07 2.94781e-09
0.106667 0.999984 0.00568886 3.02392e-07 4.312e-10
0.113333 0.99998 0.00642218 1.86662e-07 -2.37759e-09
0.12 0.999974 0.00719993 7.99464e-08 -4.98735e-09
0.126667 0.999968 0.00802213 1.03905e-08 -6.71633e-09
0.133333 0.999961 0.00888878 9.79077e-08 5.38478e-09
0.14 0.999953 0.00979994 8.37792e-07 9.93481e-08
0.146667 0.999944 0.0107556 2.20907e-06 2.7476e-07
0.153333 0.999935 0.0117558 4.10419e-06 5.18839e-07
0.16 0.999925 0.0128005 6.42154e-06 8.19125e-07
0.166667 0.999913 0.0138896 9.06543e-06 1.16351e-06
0.173333 0.999899 0.0150232 1.19461e-05 1.54025e-06
0.18 0.999884 0.0162012 1.49796e-05 1.93802e-06
0.186667 0.999866 0.0174237 1.80881e-05 2.34596e-06
0.193333 0.999847 0.0186906 2.11995e-05 2.75367e-06
0.2 0.999824 0.0200018 2.42478e-05 3.15126e-06
0.206667 0.999799 0.0213575 2.71727e-05 3.52941e-06
0.213333 0.999771 0.0227575 2.99199e-05 3.87939e-06
0.22 0.99974 0.0242018 3.24411e-05 4.19309e-06
0.226667 0.999705 0.0256905 3.46939e-05 4.46309e-06
0.233333 0.999666 0.0272235 3.66415e-05 4.68268e-06
0.24 0.999624 0.0288009 3.82535e-05 4.84591e-06
0.246667 0.999577 0.0304225 3.95051e-05 4.94764e-06
0.253333 0.999526 0.0320884 4.03773e-05 4.98357e-06
0.26 0.99947 0.0337985 4.08572e-05 4.95033e-06
0.266667 0.999409 0.0355529 4.09378e-05 4.84547e-06
0.273333 0.999343 0.0373515 4.06179e-05 4.66755e-06
0.28 0.999272 0.0391944 3.99021e-05 4.4162e-06
0.286667 0.999195 0.0410814 3.88011e-05 4.09213e-06
0.293333 0.999112 0.0430126 3.73312e-05 3.69722e-06
0.3 0.999023 0.044988 3.55148e-05 3.23458e-06
0.306667 0.998928 0.0470076 3.33801e-05 2.70858e-06
0.313333 0.998826 0.0490713 3.09611e-05 2.12491e-06
0.32 0.998718 0.0511791 2.82977e-05 1.49068e-06
0.326667 0.998602 0.0533311 2.54356e-05 8.14431e-07
0.333333 0.99848 0.0555271 2.24263e-05 1.06224e-07
0.34 0.998349 0.0577672 1.93273e-05 -6.22302e-07
0.346667 0.998211 0.0600514 1.62017e-05 -1.35786e-06
0.353333 0.998065 0.0623796 1.31186e-05 -2.08547e-06
0.36 0.997911 0.0647519 1.01527e-05 -2.78835e-06
0.366667 0.997749 0.0671682 7.38478e-06 -3.4479e-06
0.373333 0.997578 0.0696285 4.90112e-06 -4.04359e-06
0.38 0.997398 0.0721327 2.79389e-06 -4.55291e-06
0.386667 0.997208 0.074681 1.16101e-06 -4.95128e-06
0.393333 0.99701 0.0772732 1.06148e-07 -5.21201e-06
0.4 0.996801 0.0799094 -2.61303e-07 -5.30619e-06
0.406667 0.996584 0.0825928 9.19016e-07 -1.85911e-06
0.413333 0.996358 0.0853266 4.29608e-06 8.26316e-06
0.42 0.996123 0.0881104 9.67077e-06 2.4732e-05
0.426667 0.995877 0.0909438 1.68496e-05 4.72213e-05
0.433333 0.995621 0.0938264 2.56449e-05 7.54074e-05
0.44 0.995354 0.0967579 3.58744e-05 0.00010897
0.446667 0.995076 0.0997378 4.73616e-05 0.00014759
0.453333 0.994785 0.102766 5.99356e-05 0.000190953
0.46 0.994482 0.105841 7.3431e-05 0.000238746
0.466667 0.994165 0.108964 8.7688e-05 0.00029066
0.473333 0.993835 0.112134 0.000102553 0.00034639
0.48 0.99349 0.115351 0.000117876 0.000405631
0.486667 0.99313 0.118614 0.000133514 0.000468085
0.493333 0.992754 0.121922 0.000149331 0.000533454
0.5 0.992363 0.125276 0.000165192 0.000601447
0.506667 0.991955 0.128675 0.000180972 0.000671774
0.513333 0.991529 0.132119 0.00019655 0.000744149
0.52 0.991086 0.135607 0.000211807 0.000818291
0.526667 0.990625 0.139139 0.000226635 0.000893921
0.533333 0.990144 0.142714 0.000240928 0.000970765
0.54 0.989645 0.146333 0.000254584 0.00104855
0.546667 0.989125 0.149994 0.000267509 0.00112702
0.553333 0.988584 0.153698 0.000279614 0.00120591
0.56 0.988023 0.157443 0.000290814 0.00128495
0.566667 0.98744 0.161231 0.000301028 0.00136391
0.573333 0.986834 0.165059 0.000310183 0.00144252
0.58 0.986206 0.168929 0.000318209 0.00152054
0.586667 0.985554 0.172839 0.000325041 0.00159775
0.593333 0.984879 0.176789 0.000330621 0.00167389
0.6 0.984179 0.180778 0.000334893 0.00174876
0.606667 0.983453 0.184807 0.000337809 0.00182211
0.613333 0.982703 0.188876 0.000339322 0.00189373
0.62 0.981926 0.192982 0.000339392 0.00196341
0.626667 0.981122 0.197127 0.000337985 0.00203095
0.633333 0.980291 0.20131 0.00033507 0.00209613
0.64 0.979432 0.20553 0.00033062 0.00215876
0.646667 0.978545 0.209787 0.000324614 0.00221866
0.653333 0.977629 0.214081 0.000317034 0.00227563
0.66 0.976683 0.218412 0.000307868 0.0023295
0.666667 0.975707 0.222778 0.000297108 0.0023801
0.673333 0.974701 0.22718 0.00028475 0.00242725
0.68 0.973663 0.231617 0.000270793 0.0024708
0.686667 0.972593 0.236088 0.000255243 0.0025106
0.693333 0.971492 0.240594 0.000238107 0.00254649
0.7 0.970357 0.245135 0.000219398 0.00257834
0.706667 0.969188 0.249709 0.000199133 0.00260601
0.713333 0.967986 0.254316 0.000177332 0.00262938
0.72 0.966749 0.258956 0.000154019 0.00264833
0.726667 0.965477 0.263628 0.000129222 0.00266275
0.733333 0.96417 0.268333 0.000102973 0.00267252
0.74 0.962826 0.273069 7.5306e-05 0.00267756
0.746667 0.961445 0.277837 4.62602e-05 0.00267777
0.753333 0.960027 0.282636 1.58775e-05 0.00267307
0.76 0.958571 0.287466 -1.5797e-05 0.00266338
0.766667 0.957076 0.292325 -4.87148e-05 0.00264865
0.773333 0.955542 0.297215 -8.28246e-05 0.0026288
0.78 0.953969 0.302134 -0.000118072 0.0026038
0.786667 0.952355 0.307082 -0.000154399 0.00257359
0.793333 0.950701 0.312059 -0.000191746 0.00253815
0.8 0.949005 0.317064 -0.000230049 0.00249746
0.806667 0.947268 0.322097 -0.000269245 0.00245148
0.813333 0.945488 0.327158 -0.000309263 0.00240022
0.82 0.943665 0.332246 -0.000350035 0.00234368
0.826667 0.941799 0.337361 -0.000391488 0.00228187
0.833333 0.939888 0.342502 -0.000433547 0.0022148
0.84 0.937933 0.347669 -0.000476135 0.00214252
0.846667 0.935932 0.352862 -0.000519174 0.00206504
0.853333 0.933886 0.35808 -0.000562583 0.00198244
0.86 0.931793 0.363324 -0.000606281 0.00189475
0.866667 0.929654 0.368591 -0.000650185 0.00180205
0.873333 0.927467 0.373883 -0.000694209 0.00170442
0.88 0.925232 0.379199 -0.000738267 0.00160194
0.886667 0.922948 0.384538 -0.000782274 0.00149471
0.893333 0.920615 0.3899 -0.00082614 0.00138284
0.9 0.918233 0.395285 -0.000869777 0.00126645
0.906667 0.9158 0.400692 -0.000913095 0.00114567
0.913333 0.913316 0.406121 -0.000956006 0.00102063
0.92 0.910781 0.411572 -0.000998418 0.000891487
0.926667 0.908194 0.417043 -0.00104024 0.000758401
0.933333 0.905554 0.422536 -0.00108139 0.000621544
0.94 0.902862 0.428048 -0.00112176 0.0004811
0.946667 0.900115 0.433581 -0.00116128 0.000337263
0.953333 0.897315 0.439133 -0.00119985 0.000190239
0.96 0.89446 0.444705 -0.00123738 4.02446e-05
0.966667 0.891549 0.450295 -0.00127379 -0.000112491
0.973333 0.888583 0.455904 -0.00130899 -0.000267727
0.98 0.88556 0.461531 -0.00134289 -0.000425211
0.986667 0.88248 0.467176 -0.00137541 -0.000584679
0.993333 0.879342 0.472838 -0.00140647 -0.000745855
1 0.876147 0.478517 -0.00143598 -0.000908451
1.00667 0.872892 0.484213 -0.00146388 -0.00107217
1.01333 0.869579 0.489924 -0.00149008 -0.00123669
1.02 0.866205 0.495652 -0.0015145 -0.00140169
1.02667 0.862772 0.501395 -0.00153708 -0.00156684
1.03333 0.859277 0.507153 -0.00155775 -0.00173178
1.04 0.855721 0.512926 -0.00157645 -0.00189615
1.04667 0.852102 0.518713 -0.0015931 -0.00205958
1.05333 0.848422 0.524514 -0.00160766 -0.00222167
1.06 0.844678 0.530328 -0.00162007 -0.00238203
1.06667 0.84087 0.536156 -0.00163027 -0.00254023
1.07333 0.836998 0.541996 -0.00163822 -0.00269587
1.08 0.833061 0.547849 -0.00164388 -0.00284848
1.08667 0.829058 0.553714 -0.00164721 -0.00299762
1.09333 0.82499 0.559591 -0.00164818 -0.00314283
1.1 0.820855 0.565478 -0.00164676 -0.00328361
1.10667 0.816653 0.571377 -0.00164293 -0.00341948
1.11333 0.812384 0.577286 -0.00163667 -0.00354993
1.12 0.808046 0.583206 -0.00162797 -0.00367443
1.12667 0.803639 0.589135 -0.00161682 -0.00379246
1.13333 0.799163 0.595073 -0.00160324 -0.00390346
1.14 0.794618 0.60102 -0.00158722 -0.00400688
1.14667 0.790001 0.606976 -0.00156879 -0.00410213
1.15333 0.785314 0.61294 -0.00154796 -0.00418862
1.16 0.780555 0.618912 -0.00152477 -0.00426576
1.16667 0.775724 0.624892 -0.00149925 -0.00433292
1.17333 0.77082 0.630879 -0.00147146 -0.00438947
1.18 0.765843 0.636872 -0.00144144 -0.00443477
1.18667 0.760792 0.642871 -0.00140927 -0.00446816
1.19333 0.755667 0.648877 -0.001375 -0.00448896
1.2 0.750464 0.654885 -0.00134136 -0.00449947
1.20667 0.745177 0.660888 -0.00131459 -0.0045069
1.21333 0.739806 0.666883 -0.00129442 -0.00451196
1.22 0.73435 0.672869 -0.00128026 -0.00451498
1.22667 0.72881 0.678844 -0.00127153 -0.00451629
1.23333 0.723185 0.684808 -0.00126768 -0.00451621
1.24 0.717477 0.690758 -0.00126816 -0.00451502
1.24667 0.711685 0.696694 -0.00127242 -0.00451301
1.25333 0.70581 0.702613 -0.00127993 -0.00451047
1.26 0.699851 0.708515 -0.00129019 -0.00450763
1.26667 0.693808 0.714398 -0.00130269 -0.00450475
1.27333 0.687682 0.72026 -0.00131693 -0.00450205
1.28 0.681473 0.7261 -0.00133244 -0.00449975
1.28667 0.675182 0.731917 -0.00134876 -0.00449804
1.29333 0.668807 0.737709 -0.00136543 -0.00449713
1.3 0.662349 0.743474 -0.00138202 -0.00449718
1.30667 0.655809 0.749212 -0.0013981 -0.00449834
1.31333 0.649187 0.75492 -0.00141328 -0.00450078
1.32 0.642482 0.760598 -0.00142716 -0.00450462
1.32667 0.635695 0.766243 -0.00143935 -0.00450998
1.33333 0.628826 0.771855 -0.00144951 -0.00451696
1.34 0.621874 0.777432 -0.00145729 -0.00452567
1.34667 0.614842 0.782972 -0.00146235 -0.00453619
1.35333 0.607727 0.788475 -0.00146439 -0.00454857
1.36 0.600531 0.793938 -0.00146312 -0.00456288
1.36667 0.593254 0.79936 -0.00145826 -0.00457915
1.37333 0.585895 0.804739 -0.00144954 -0.00459742
1.38 0.578455 0.810076 -0.00143674 -0.00461771
1.38667 0.570935 0.815366 -0.00141963 -0.00464002
1.39333 0.563333 0.820611 -0.001398 -0.00466434
1.4 0.555651 0.825807 -0.00137169 -0.00469065
1.40667 0.547888 0.830953 -0.00134051 -0.00471893
1.41333 0.540045 0.836049 -0.00130434 -0.00474913
1.42 0.532121 0.841092 -0.00126305 -0.00478119
1.42667 0.524117 0.846081 -0.00121654 -0.00481506
1.43333 0.516034 0.851015 -0.00116473 -0.00485066
1.44 0.50787 0.855892 -0.00110757 -0.00488789
1.44667 0.499626 0.860711 -0.00104501 -0.00492667
1.45333 0.491303 0.86547 -0.00097704 -0.00496689
1.46 0.482901 0.870168 -0.000903678 -0.00500842
1.46667 0.474419 0.874803 -0.000824954 -0.00505115
1.47333 0.465857 0.879374 -0.000740924 -0.00509493
1.48 0.457217 0.88388 -0.000651668 -0.00513962
1.48667 0.448498 0.888319 -0.000557291 -0.00518507
1.49333 0.4397 0.892689 -0.000457924 -0.00523111
1.5 0.430823 0.89699 -0.00035372 -0.00527756
1.50667 0.421867 0.901219 -0.000244859 -0.00532425
1.51333 0.412834 0.905376 -0.000131549 -0.005371
1.52 0.403722 0.909458 -1.40201e-05 -0.00541759
1.52667 0.394531 0.913465 0.000107468 -0.00546384
1.53333 0.385263 0.917394 0.00023263 -0.00550953
1.54 0.375917 0.921245 0.000361153 -0.00555445
1.54667 0.366493 0.925016 0.000492696 -0.00559837
1.55333 0.356991 0.928706 0.000626892 -0.00564107
1.56 0.347412 0.932313 0.000763342 -0.00568231
1.56667 0.337756 0.935835 0.000901622 -0.00572185
1.57333 0.328023 0.939271 0.00104128 -0.00575946
1.58 0.318212 0.942621 0.00118182 -0.00579488
1.58667 0.308324 0.945881 0.00132275 -0.00582786
1.59333 0.29836 0.949052 0.0014635 -0.00585815
1.6 0.288319 0.95213 0.00160352 -0.00588549
1.60667 0.278201 0.955116 0.00174218 -0.00590963
1.61333 0.268007 0.958007 0.00187887 -0.0059303
1.62 0.257737 0.960803 0.00201291 -0.00594724
1.62667 0.24739 0.963501 0.00214359 -0.00596018
1.63333 0.236968 0.9661 0.0022702 -0.00596886
1.64 0.226469 0.968598 0.00239197 -0.00597302
1.64667 0.215895 0.970995 0.00250809 -0.00597239
1.65333 0.205246 0.973289 0.00261774 -0.00596671
1.66 0.194521 0.975478 0.00272007 -0.00595572
1.66667 0.18372 0.977561 0.00281416 -0.00593915
1.67333 0.172844 0.979537 0.0028991 -0.00591676
1.68 0.161894 0.981403 0.00297391 -0.00588828
1.68667 0.150869 0.983156 0.00303864 -0.00585671
1.69333 0.139775 0.984784 0.00309631 -0.0058314
1.7 0.128613 0.986286 0.00314802 -0.00581241
1.70667 0.117386 0.98766 0.00319466 -0.00579918
1.71333 0.106096 0.988905 0.00323709 -0.00579112
1.72 0.0947444 0.99002 0.00327612 -0.00578765
1.72667 0.0833343 0.991005 0.00331254 -0.00578821
1.73333 0.0718675 0.991857 0.00334709 -0.00579224
1.74 0.060346 0.992577 0.00338049 -0.0057992
1.74667 0.0487719 0.993162 0.00341341 -0.00580854
1.75333 0.0371475 0.993612 0.00344648 -0.00581975
1.76 0.0254749 0.993926 0.00348032 -0.00583229
1.76667 0.0137561 0.994102 0.00351548 -0.00584567
1.77333 0.00199326 0.994139 0.00355249 -0.00585939
1.78 -0.00981143 0.994037 0.00359184 -0.00587297
1.78667 -0.0216559 0.993794 0.00363399 -0.00588595
1.79333 -0.033538 0.993409 0.00367935 -0.00589786
1.8 -0.0454555 0.992881 0.00372829 -0.00590827
1.80667 -0.0574065 0.99221 0.00378117 -0.00591676
1.81333 -0.0693887 0.991392 0.00383828 -0.00592293
1.82 -0.0814 0.990429 0.00389989 -0.00592638
1.82667 -0.0934383 0.989318 0.00396622 -0.00592675
1.83333 -0.105502 0.988059 0.00403747 -0.00592368
1.84 -0.117587 0.98665 0.00411379 -0.00591685
1.84667 -0.129694 0.98509 0.0041953 -0.00590595
1.85333 -0.141819 0.983379 0.00428206 -0.00589069
1.86 -0.15396 0.981515 0.00437412 -0.00587079
1.86667 -0.166116 0.979497 0.00447148 -0.00584603
1.87333 -0.178284 0.977323 0.0045741 -0.00581617
1.88 -0.190462 0.974994 0.00468191 -0.00578103
1.88667 -0.202647 0.972507 0.0047948 -0.00574043
1.89333 -0.214838 0.969862 0.00491262 -0.00569424
1.9 -0.227033 0.967057 0.00503518 -0.00564234
1.90667 -0.23923 0.964092 0.00516225 -0.00558464
1.91333 -0.251425 0.960965 0.00529359 -0.00552109
1.92 -0.263618 0.957675 0.00542888 -0.00545166
1.92667 -0.275806 0.954222 0.0055678 -0.00537635
1.93333 -0.287987 0.950603 0.00570997 -0.0052952
1.94 -0.300159 0.946819 0.00585499 -0.00520828
1.94667 -0.31232 0.942867 0.00600242 -0.00511569
1.95333 -0.324467 0.938747 0.00615178 -0.00501757
1.96 -0.336599 0.934457 0.00630254 -0.00491409
1.96667 -0.348713 0.929997 0.00645418 -0.00480546
1.97333 -0.360807 0.925366 0.00660609 -0.00469193
1.98 -0.372879 0.920562 0.00675766 -0.00457378
1.98667 -0.384927 0.915584 0.00690825 -0.00445134
1.99333 -0.396949 0.910431 0.00705715 -0.00432497
2 -0.408943 0.905102 0.00720367 -0.00419507
2.00667 -0.420907 0.899597 0.00734703 -0.0040621
2.01333 -0.432837 0.893913 0.00748646 -0.00392655
2.02 -0.444733 0.888049 0.00762114 -0.00378894
2.02667 -0.456593 0.882006 0.00775023 -0.00364987
2.03333 -0.468413 0.875781 0.00787284 -0.00350995
2.04 -0.480192 0.869373 0.00798806 -0.00336987
2.04667 -0.491929 0.862782 0.00809496 -0.00323033
2.05333 -0.503619 0.856005 0.00819256 -0.00309211
2.06 -0.515263 0.849043 0.00827987 -0.00295603
2.06667 -0.526857 0.841895 0.00835587 -0.00282296
2.07333 -0.538399 0.834558 0.0084195 -0.00269382
2.08 -0.549887 0.827031 0.00846968 -0.00256958
2.08667 -0.561318 0.819314 0.00850708 -0.00245179
2.09333 -0.572674 0.811403 0.0085446 -0.00234457
2.1 -0.583951 0.803296 0.00858501 -0.00224732
2.10667 -0.595145 0.794998 0.00862827 -0.00215854
2.11333 -0.606252 0.786508 0.00867428 -0.00207677
2.12 -0.61727 0.777828 0.00872295 -0.00200061
2.12667 -0.628194 0.768961 0.00877415 -0.00192872
2.13333 -0.639023 0.759908 0.00882774 -0.00185982
2.14 -0.649752 0.75067 0.00888356 -0.00179269
2.14667 -0.660378 0.741248 0.00894141 -0.00172617
2.15333 -0.670899 0.731646 0.00900112 -0.00165918
2.16 -0.68131 0.721864 0.00906245 -0.00159068
2.16667 -0.691609 0.711903 0.00912518 -0.0015197
2.17333 -0.701792 0.701766 0.00918906 -0.00144533
2.18 -0.711857 0.691453 0.00925384 -0.00136675
2.18667 -0.721799 0.680968 0.00931923 -0.00128319
2.19333 -0.731616 0.67031 0.00938497 -0.00119393
2.2 -0.741304 0.659483 0.00945075 -0.00109835
2.20667 -0.75086 0.648487 0.00951628 -0.000995879
2.21333 -0.760281 0.637324 0.00958125 -0.000886025
2.22 -0.769564 0.625995 0.00964534 -0.000768361
2.22667 -0.778705 0.614503 0.00970824 -0.000642534
2.23333 -0.787702 0.602849 0.00976961 -0.000508261
2.24 -0.79655 0.591034 0.00982913 -0.000365333
2.24667 -0.805247 0.57906 0.00988648 -0.000213613
2.25333 -0.813789 0.566929 0.00994133 -5.30394e-05
2.26 -0.822173 0.554642 0.00999335 0.000116376
2.26667 -0.830397 0.542201 0.0100422 0.000294547
2.27333 -0.838456 0.529607 0.0100876 0.000481309
2.28 -0.846347 0.516863 0.0101292 0.000676424
2.28667 -0.854067 0.50397 0.0101667 0.000879577
2.29333 -0.861614 0.490928 0.0101999 0.00109037
2.3 -0.868983 0.477741 0.0102284 0.00130835
2.30667 -0.876171 0.464409 0.0102519 0.00153294
2.31333 -0.883176 0.450934 0.0102702 0.00176353
2.32 -0.889993 0.437318 0.010283 0.00199942
2.32667 -0.89662 0.423563 0.0102902 0.0022398
2.33333 -0.903054 0.409669 0.0102915 0.00248383
2.34 -0.909291 0.395639 0.0102867 0.00273055
2.34667 -0.915327 0.381475 0.0102757 0.00297893
2.35333 -0.921161 0.367177 0.0102582 0.00322788
2.36 -0.926788 0.352747 0.0102343 0.0034762
2.36667 -0.932205 0.338187 0.0102037 0.00372262
2.37333 -0.937408 0.323499 0.0101665 0.00396579
2.38 -0.942396 0.308684 0.0101226 0.00420429
2.38667 -0.947164 0.293745 0.0100719 0.0044366
2.39333 -0.951709 0.278681 0.0100146 0.00466112
2.4 -0.956029 0.263496 0.00995067 0.00487619
2.40667 -0.960119 0.24819 0.00988025 0.00508004
2.41333 -0.963976 0.232765 0.00980349 0.00527083
2.42 -0.967597 0.217223 0.00972057 0.00544665
2.42667 -0.970979 0.201567 0.00963287 0.00560629
2.43333 -0.974104 0.185808 0.00955389 0.00575816
2.44 -0.976966 0.169954 0.00948606 0.00590597
2.44667 -0.979566 0.154009 0.00942768 0.00605084
2.45333 -0.981901 0.13798 0.00937711 0.00619378
2.46 -0.983971 0.12187 0.00933274 0.00633574
2.46667 -0.985774 0.105685 0.00929305 0.00647758
2.47333 -0.987309 0.0894289 0.00925656 0.0066201
2.48 -0.988575 0.0731079 0.00922184 0.00676399
2.48667 -0.989571 0.0567264 0.00918754 0.00690989
2.49333 -0.990295 0.0402893 0.00915236 0.00705836
2.5 -0.990747 0.0238017 0.00911507 0.00720986
2.50667 -0.990925 0.00726856 0.00907452 0.00736479
2.51333 -0.990829 -0.00930528 0.00902961 0.00752349
2.52 -0.990456 -0.0259148 0.00897932 0.0076862
2.52667 -0.989806 -0.0425551 0.00892271 0.00785309
2.53333 -0.988878 -0.0592212 0.00885891 0.00802428
2.54 -0.98767 -0.0759081 0.00878713 0.0081998
2.54667 -0.986181 -0.0926108 0.00870667 0.00837959
2.55333 -0.98441 -0.109325 0.00861688 0.00856357
2.56 -0.982356 -0.126044 0.00851724 0.00875154
2.56667 -0.980018 -0.142765 0.00840729 0.00894327
2.57333 -0.977394 -0.159482 0.00828665 0.00913845
2.58 -0.974484 -0.17619 0.00815506 0.00933669
2.58667 -0.971286 -0.192884 0.00801232 0.00953756
2.59333 -0.967799 -0.209559 0.00785836 0.00974055
2.6 -0.964022 -0.22621 0.00769316 0.00994511
2.60667 -0.959954 -0.242833 0.00751686 0.0101506
2.61333 -0.955593 -0.259422 0.00732964 0.0103564
2.62 -0.950938 -0.275973 0.00713183 0.0105617
2.62667 -0.945989 -0.292479 0.00692383 0.0107657
2.63333 -0.940743 -0.308938 0.00670617 0.0109676
2.64 -0.935201 -0.325343 0.00647949 0.0111665
2.64667 -0.92936 -0.341689 0.00624451 0.0113614
2.65333 -0.923219 -0.357972 0.0060021 0.0115514
2.66 -0.916778 -0.374187 0.00575322 0.0117354
2.66667 -0.910035 -0.390328 0.00549896 0.0119123
2.67333 -0.902989 -0.406391 0.00524053 0.0120811
2.68 -0.895639 -0.422371 0.00497924 0.0122405
2.68667 -0.887983 -0.438263 0.00471653 0.0123893
2.69333 -0.880021 -0.454062 0.00445399 0.0125264
2.7 -0.871751 -0.469763 0.00419329 0.0126504
2.70667 -0.863172 -0.48536 0.00393627 0.0127601
2.71333 -0.854283 -0.50085 0.00368486 0.0128541
2.72 -0.845082 -0.516226 0.00344115 0.012931
2.72667 -0.835569 -0.531479 0.00320864 0.0129957
2.73333 -0.825737 -0.546579 0.00299233 0.013071
2.74 -0.815592 -0.561517 0.00278997 0.0131582
2.74667 -0.805136 -0.57629 0.00259879 0.0132561
2.75333 -0.794375 -0.590891 0.00241615 0.0133635
2.76 -0.783313 -0.605315 0.00223958 0.0134794
2.76667 -0.771954 -0.619558 0.00206672 0.0136025
2.77333 -0.760302 -0.633614 0.00189536 0.0137317
2.78 -0.74836 -0.647477 0.00172343 0.0138659
2.78667 -0.736135 -0.661143 0.00154902 0.0140037
2.79333 -0.723629 -0.674605 0.00137034 0.0141442
2.8 -0.710847 -0.68786 0.00118576 0.014286
2.80667 -0.697793 -0.700902 0.000993797 0.0144282
2.81333 -0.684471 -0.713725 0.00079311 0.0145696
2.82 -0.670886 -0.726324 0.00058251 0.0147089
2.82667 -0.657042 -0.738694 0.000360956 0.0148453
2.83333 -0.642942 -0.75083 0.000127555 0.0149776
2.84 -0.628592 -0.762726 -0.000118433 0.0151047
2.84667 -0.613995 -0.774378 -0.000377599 0.0152258
2.85333 -0.599155 -0.78578 -0.000650381 0.0153397
2.86 -0.584077 -0.796926 -0.000937066 0.0154456
2.86667 -0.568766 -0.807812 -0.00123779 0.0155426
2.87333 -0.553224 -0.818432 -0.00155253 0.0156298
2.88 -0.537457 -0.828781 -0.00188113 0.0157066
2.88667 -0.521468 -0.838854 -0.00222325 0.015772
2.89333 -0.505262 -0.848645 -0.00257843 0.0158255
2.9 -0.488843 -0.85815 -0.00294604 0.0158665
2.90667 -0.472215 -0.867362 -0.00332529 0.0158943
2.91333 -0.455383 -0.876278 -0.00371525 0.0159085
2.92 -0.43835 -0.884891 -0.00411484 0.0159087
2.92667 -0.421121 -0.893196 -0.00452283 0.0158946
2.93333 -0.4037 -0.901189 -0.00493783 0.0158658
2.94 -0.386091 -0.908863 -0.00535829 0.0158223
2.94667 -0.368299 -0.916213 -0.00578255 0.0157639
2.95333 -0.350328 -0.923236 -0.00620876 0.0156906
2.96 -0.332181 -0.929924 -0.00663494 0.0156026
2.96667 -0.313863 -0.936273 -0.00705896 0.0155
2.97333 -0.295379 -0.942277 -0.00747854 0.0153832
2.98 -0.276732 -0.947932 -0.00789128 0.0152526
2.98667 -0.257926 -0.953232 -0.0082946 0.0151087
2.99333 -0.238967 -0.958172 -0.00868581 0.0149521
3 -0.219858 -0.962747 -0.00906205 0.0147836
3.00667 -0.200603 -0.96695 -0.00942036 0.0146041
3.01333 -0.181206 -0.970778 -0.0097576 0.0144147
3.02 -0.161673 -0.974225 -0.0100705 0.0142164
3.02667 -0.142009 -0.977282 -0.010359 0.0140139
3.03333 -0.122244 -0.979923 -0.0106435 0.0138304
3.04 -0.10239 -0.982142 -0.0109291 0.0136666
3.04667 -0.0824562 -0.98394 -0.0112165 0.0135188
3.05333 -0.0624511 -0.985318 -0.0115064 0.0133836
3.06 -0.0423836 -0.986275 -0.0117994 0.0132574
3.06667 -0.0222624 -0.986811 -0.0120958 0.013137
3.07333 -0.00209632 -0.986928 -0.0123961 0.0130194
3.08 0.0181059 -0.986624 -0.0127003 0.0129016
3.08667 0.0383354 -0.9859 -0.0130086 0.0127809
3.09333 0.0585835 -0.984757 -0.013321 0.0126547
3.1 0.0788414 -0.983194 -0.0136373 0.0125206
3.10667 0.0991003 -0.981212 -0.0139573 0.0123764
3.11333 0.119352 -0.978811 -0.0142808 0.0122202
3.12 0.139586 -0.975991 -0.0146072 0.01205
3.12667 0.159796 -0.972752 -0.0149361 0.0118642
3.13333 0.179971 -0.969094 -0.015267 0.0116614
3.14 0.200103 -0.965019 -0.0155991 0.0114404
3.14667 0.220184 -0.960525 -0.0159316 0.0112001
3.15333 0.240205 -0.955613 -0.0162639 0.0109396
3.16 0.260156 -0.950283 -0.0165949 0.0106584
3.16667 0.280029 -0.944536 -0.0169237 0.0103561
3.17333 0.299816 -0.938371 -0.0172493 0.0100324
3.18 0.319507 -0.931789 -0.0175706 0.00968741
3.18667 0.339094 -0.924791 -0.0178866 0.00932135
3.19333 0.358568 -0.917375 -0.0181959 0.00893471
3.2 0.37792 -0.909542 -0.0184975 0.00852818
3.20667 0.397141 -0.901293 -0.01879 0.00810271
3.21333 0.416223 -0.892628 -0.0190723 0.00765945
3.22 0.435157 -0.883547 -0.0193429 0.00719981
3.22667 0.453934 -0.87405 -0.0196005 0.00672543
3.23333 0.472546 -0.864137 -0.0198438 0.0062382
3.24 0.490983 -0.853808 -0.0200715 0.00574022
3.24667 0.509237 -0.843064 -0.0202821 0.00523386
3.25333 0.527298 -0.831905 -0.0204744 0.00472174
3.26 0.54516 -0.820331 -0.0206469 0.00420671
3.26667 0.562811 -0.808343 -0.0207984 0.00369187
3.27333 0.580244 -0.795939 -0.0209275 0.00318059
3.28 0.59745 -0.783122 -0.0210329 0.00267648
3.28667 0.614421 -0.76989 -0.0211133 0.00218338
3.29333 0.631146 -0.756244 -0.0211676 0.00170543
3.3 0.647603 -0.742185 -0.0212099 0.00124523
3.30667 0.663753 -0.727724 -0.0212688 0.000799249
3.31333 0.679587 -0.712867 -0.0213422 0.000363847
3.32 0.6951 -0.697623 -0.0214271 -6.43256e-05
3.32667 0.710284 -0.682003 -0.0215205 -0.000488357
3.33333 0.725133 -0.666013 -0.0216196 -0.00091108
3.34 0.73964 -0.649662 -0.0217217 -0.00133507
3.34667 0.753798 -0.63296 -0.021824 -0.00176264
3.35333 0.7676 -0.615915 -0.0219239 -0.00219586
3.36 0.78104 -0.598536 -0.0220189 -0.00263653
3.36667 0.794111 -0.580831 -0.0221067 -0.00308621
3.37333 0.806805 -0.562809 -0.0221851 -0.00354618
3.38 0.819117 -0.544479 -0.0222518 -0.00401751
3.38667 0.831039 -0.525849 -0.0223049 -0.00450098
3.39333 0.842565 -0.506928 -0.0223425 -0.00499713
3.4 0.853688 -0.487725 -0.0223629 -0.00550626
3.40667 0.864401 -0.468248 -0.0223645 -0.00602842
3.41333 0.874697 -0.448506 -0.022346 -0.00656341
3.42 0.88457 -0.428508 -0.022306 -0.0071108
3.42667 0.894013 -0.408262 -0.0222436 -0.0076699
3.43333 0.903019 -0.387777 -0.0221578 -0.0082398
3.44 0.91158 -0.367062 -0.022048 -0.00881936
3.44667 0.919692 -0.346126 -0.0219136 -0.0094072
3.45333 0.927346 -0.324976 -0.0217544 -0.0100017
3.46 0.934536 -0.303622 -0.0215702 -0.010601
3.46667 0.941255 -0.282073 -0.0213612 -0.0112031
3.47333 0.947496 -0.260336 -0.0211278 -0.0118058
3.48 0.953253 -0.238422 -0.0208706 -0.0124064
3.48667 0.958519 -0.216338 -0.0205903 -0.0130024
3.49333 0.963287 -0.194092 -0.020288 -0.0135908
3.5 0.96755 -0.171695 -0.0199651 -0.0141686
3.50667 0.971301 -0.149154 -0.0196231 -0.0147324
3.51333 0.974534 -0.126478 -0.0192638 -0.0152788
3.52 0.977242 -0.103676 -0.0188894 -0.0158042
3.52667 0.979419 -0.0807563 -0.0185022 -0.0163046
3.53333 0.981056 -0.0577277 -0.0181049 -0.0167761
3.54 0.982148 -0.0345989 -0.0177005 -0.0172144
3.54667 0.982677 -0.0113959 -0.0173034 -0.0176328
3.55333 0.982626 0.0118451 -0.0169271 -0.018054
3.56 0.981997 0.0351109 -0.0165663 -0.0184781
3.56667 0.980793 0.0583883 -0.0162159 -0.0189048
3.57333 0.979016 0.0816643 -0.0158708 -0.0193335
3.58 0.976669 0.104926 -0.0155268 -0.0197637
3.58667 0.973755 0.128159 -0.0151794 -0.0201946
3.59333 0.970276 0.151352 -0.0148249 -0.0206256
3.6 0.966235 0.174491 -0.0144597 -0.0210556
3.60667 0.961634 0.197563 -0.0140807 -0.0214836
3.61333 0.956476 0.220554 -0.0136849 -0.0219086
3.62 0.950763 0.243452 -0.01327 -0.0223293
3.62667 0.944499 0.266244 -0.0128338 -0.0227445
3.63333 0.937685 0.288916 -0.0123745 -0.0231529
3.64 0.930324 0.311456 -0.0118908 -0.0235532
3.64667 0.922419 0.333849 -0.0113816 -0.0239438
3.65333 0.913973 0.356084 -0.0108462 -0.0243235
3.66 0.904987 0.378147 -0.0102845 -0.0246907
3.66667 0.895465 0.400024 -0.00969642 -0.0250439
3.67333 0.885409 0.421703 -0.00908257 -0.0253817
3.68 0.874822 0.443171 -0.00844379 -0.0257025
3.68667 0.863706 0.464414 -0.00778135 -0.026005
3.69333 0.852063 0.485419 -0.0070969 -0.0262877
3.7 0.839897 0.506174 -0.00639248 -0.0265491
3.70667 0.82721 0.526664 -0.00567053 -0.026788
3.71333 0.814005 0.546878 -0.00493388 -0.027003
3.72 0.800284 0.566801 -0.00418577 -0.0271929
3.72667 0.786049 0.586421 -0.00342982 -0.0273565
3.73333 0.771304 0.605725 -0.00267005 -0.0274928
3.74 0.75605 0.624699 -0.00191088 -0.0276008
3.74667 0.740291 0.64333 -0.00115713 -0.0276796
3.75333 0.724029 0.661606 -0.000414014 -0.0277286
3.76 0.707267 0.679513 0.000312868 -0.0277471
3.76667 0.690006 0.697037 0.00101769 -0.0277356
3.77333 0.672261 0.71413 0.00170412 -0.0277279
3.78 0.654047 0.730766 0.00237918 -0.0277378
3.78667 0.635379 0.746937 0.00304676 -0.0277604
3.79333 0.616268 0.762635 0.00371041 -0.0277906
3.8 0.596731 0.777852 0.00437324 -0.0278237
3.80667 0.576779 0.792579 0.00503803 -0.0278552
3.81333 0.556427 0.806809 0.00570715 -0.0278808
3.82 0.535688 0.820535 0.00638261 -0.0278965
3.82667 0.514576 0.833747 0.00706603 -0.0278984
3.83333 0.493105 0.846439 0.00775869 -0.027883
3.84 0.471288 0.858602 0.00846149 -0.027847
3.84667 0.44914 0.870228 0.00917498 -0.0277874
3.85333 0.426673 0.881309 0.00989936 -0.0277015
3.86 0.403901 0.891838 0.0106345 -0.027587
3.86667 0.380838 0.901806 0.0113799 -0.0274417
3.87333 0.357498 0.911205 0.0121347 -0.0272639
3.88 0.333894 0.920028 0.0128978 -0.0270523
3.88667 0.310041 0.928267 0.0136678 -0.0268056
3.89333 0.285951 0.935913 0.0144428 -0.0265233
3.9 0.261638 0.942959 0.0152209 -0.0262051
3.90667 0.237116 0.949396 0.0159995 -0.0258509
3.91333 0.212399 0.955218 0.0167761 -0.0254612
3.92 0.1875 0.960415 0.0175478 -0.0250369
3.92667 0.162434 0.964981 0.0183112 -0.0245793
3.93333 0.137213 0.968906 0.0190631 -0.02409
3.94 0.111851 0.972183 0.0197996 -0.0235712
3.94667 0.0863619 0.974804 0.0205169 -0.0230254
3.95333 0.0607598 0.976762 0.0212107 -0.0224556
3.96 0.0350579 0.978048 0.0218767 -0.0218653
3.96667 0.00927009 0.978654 0.0225103 -0.0212585
3.97333 -0.0165901 0.978572 0.0231067 -0.0206396
3.98 -0.042509 0.977795 0.023661 -0.0200134
3.98667 -0.0684473 0.976303 0.0241935 -0.019397
3.99333 -0.0943617 0.974084 0.0247289 -0.0187995
4 -0.120234 0.971144 0.0252657 -0.0182139
4.00667 -0.146048 0.967489 0.0258021 -0.0176338
4.01333 -0.171784 0.963125 0.0263366 -0.017053
4.02 -0.197427 0.958056 0.0268673 -0.016466
4.02667 -0.222957 0.952288 0.0273923 -0.015868
4.03333 -0.248357 0.945827 0.0279097 -0.0152545
4.04 -0.27361 0.938678 0.0284173 -0.0146216
4.04667 -0.298698 0.930847 0.0289132 -0.0139661
4.05333 -0.323603 0.922339 0.0293952 -0.0132851
4.06 -0.348309 0.91316 0.0298612 -0.0125764
4.06667 -0.372796 0.903315 0.0303091 -0.0118384
4.07333 -0.397048 0.892811 0.0307369 -0.0110701
4.08 -0.421047 0.881651 0.0311424 -0.0102709
4.08667 -0.444775 0.869843 0.0315237 -0.00944083
4.09333 -0.468215 0.857391 0.0318788 -0.00858057
4.1 -0.491349 0.8443 0.0322059 -0.00769131
4.10667 -0.51416 0.830578 0.0325033 -0.00677484
4.11333 -0.536629 0.816228 0.0327693 -0.00583349
4.12 -0.55874 0.801257 0.0330024 -0.00487021
4.12667 -0.580474 0.78567 0.0332013 -0.0038885
4.13333 -0.601814 0.769472 0.0333649 -0.00289242
4.14 -0.622743 0.75267 0.0334922 -0.00188662
4.14667 -0.643242 0.735268 0.0335823 -0.000876323
4.15333 -0.663295 0.717272 0.0336348 0.000132692
4.16 -0.682883 0.698688 0.0336494 0.00113408
4.16667 -0.701989 0.679521 0.0336259 0.00212094
4.17333 -0.720595 0.659777 0.0335647 0.0030858
4.18 -0.738678 0.639462 0.0334723 0.00402267
4.18667 -0.756177 0.618604 0.0333921 0.00494293
4.19333 -0.773074 0.597223 0.0333266 0.00585353
4.2 -0.78936 0.575338 0.0332684 0.00675842
4.20667 -0.805025 0.552968 0.0332107 0.00766103
4.21333 -0.820062 0.530133 0.0331471 0.00856427
4.22 -0.83446 0.506852 0.0330716 0.00947054
4.22667 -0.848212 0.483144 0.0329784 0.0103817
4.23333 -0.861308 0.459027 0.0328625 0.0112993
4.24 -0.873739 0.434521 0.0327189 0.0122241
4.24667 -0.885496 0.409645 0.0325435 0.0131566
4.25333 -0.896571 0.384419 0.0323324 0.0140968
4.26 -0.906955 0.358861 0.0320824 0.0150443
4.26667 -0.916638 0.33299 0.0317905 0.0159982
4.27333 -0.925612 0.306825 0.0314546 0.0169571
4.28 -0.933868 0.280386 0.031073 0.0179194
4.28667 -0.941397 0.253692 0.0306444 0.0188828
4.29333 -0.94819 0.226762 0.0301684 0.019845
4.3 -0.954238 0.199614 0.0296449 0.020803
4.30667 -0.959533 0.172269 0.0290746 0.0217537
4.31333 -0.964065 0.144744 0.0284586 0.0226934
4.32 -0.967826 0.11706 0.027799 0.0236183
4.32667 -0.970806 0.0892347 0.0270981 0.0245242
4.33333 -0.972997 0.0612881 0.0263592 0.0254067
4.34 -0.97439 0.0332389 0.0255861 0.026261
4.34667 -0.974975 0.00510641 0.0247833 0.0270822
4.35333 -0.974745 -0.0230904 0.0239561 0.0278651
4.36 -0.97369 -0.0513325 0.0231104 0.0286042
4.36667 -0.9718 -0.0796006 0.0222528 0.029294
4.37333 -0.969065 -0.107867 0.021394 0.0299371
4.38 -0.965465 -0.136066 0.020553 0.0305752
4.38667 -0.961003 -0.164167 0.0197244 0.0312122
4.39333 -0.955691 -0.192149 0.0188998 0.0318451
4.4 -0.949535 -0.219989 0.0180719 0.032471
4.40667 -0.942546 -0.247665 0.0172341 0.0330867
4.41333 -0.934732 -0.275155 0.0163804 0.0336892
4.42 -0.926102 -0.302436 0.0155058 0.0342752
4.42667 -0.916665 -0.329486 0.0146059 0.0348417
4.43333 -0.906429 -0.356283 0.0136772 0.0353855
4.44 -0.895404 -0.382804 0.0127168 0.0359036
4.44667 -0.883598 -0.409028 0.011723 0.036393
4.45333 -0.871021 -0.434931 0.0106944 0.036851
4.46 -0.85768 -0.460492 0.0096306 0.0372747
4.46667 -0.843586 -0.485688 0.0085321 0.0376616
4.47333 -0.828746 -0.510498 0.00740003 0.0380094
4.48 -0.81317 -0.534898 0.00623637 0.0383158
4.48667 -0.796866 -0.558866 0.00504388 0.0385789
4.49333 -0.779844 -0.58238 0.0038261 0.0387971
4.5 -0.762112 -0.605419 0.00258737 0.0389689
4.50667 -0.743679 -0.627958 0.00133276 0.0390933
4.51333 -0.724554 -0.649977 6.8165e-05 0.0391694
4.52 -0.704745 -0.671453 -0.0011998 0.0391969
4.52667 -0.684263 -0.692364 -0.00246375 0.0391758
4.53333 -0.663114 -0.712687 -0.00371554 0.0391064
4.54 -0.641309 -0.7324 -0.00494631 0.0389897
4.54667 -0.618857 -0.751481 -0.00614645 0.0388269
4.55333 -0.595777 -0.769882 -0.00731722 0.0386451
4.56 -0.572106 -0.787548 -0.00847524 0.0384793
4.56667 -0.547869 -0.804469 -0.00962501 0.0383203
4.57333 -0.523091 -0.820635 -0.0107702 0.0381589
4.58 -0.497798 -0.836037 -0.0119138 0.0379866
4.58667 -0.472013 -0.850664 -0.0130581 0.0377954
4.59333 -0.445762 -0.864507 -0.0142048 0.0375781
4.6 -0.41907 -0.877557 -0.015355 0.037328
4.60667 -0.391962 -0.889802 -0.0165092 0.0370391
4.61333 -0.364462 -0.901235 -0.0176673 0.0367062
4.62 -0.336596 -0.911844 -0.0188285 0.0363249
4.62667 -0.308388 -0.92162 -0.0199917 0.0358911
4.63333 -0.279864 -0.930553 -0.0211551 0.0354021
4.64 -0.251048 -0.938634 -0.0223164 0.0348554
4.64667 -0.221965 -0.945853 -0.0234731 0.0342498
4.65333 -0.19264 -0.952199 -0.0246217 0.0335845
4.66 -0.163098 -0.957664 -0.0257588 0.0328599
4.66667 -0.133363 -0.962237 -0.0268804 0.0320771
4.67333 -0.103462 -0.965909 -0.0279819 0.0312379
4.68 -0.0734184 -0.96867 -0.0290587 0.0303455
4.68667 -0.0432574 -0.97051 -0.0301057 0.0294034
4.69333 -0.0130038 -0.971419 -0.0311174 0.0284166
4.7 0.0173173 -0.971388 -0.0320883 0.0273906
4.70667 0.0476811 -0.970407 -0.0330124 0.0263321
4.71333 0.0780626 -0.968466 -0.0338835 0.0252487
4.72 0.108437 -0.965555 -0.0346955 0.024149
4.72667 0.138774 -0.961662 -0.0354474 0.0230443
4.73333 0.168995 -0.956769 -0.0361857 0.0219553
4.74 0.19906 -0.950882 -0.0369184 0.0208766
4.74667 0.228944 -0.944013 -0.0376412 0.0197987
4.75333 0.258617 -0.936175 -0.0383495 0.018713
4.76 0.288054 -0.92738 -0.0390389 0.0176118
4.76667 0.317227 -0.917642 -0.039705 0.0164888
4.77333 0.346108 -0.906971 -0.0403433 0.0153384
4.78 0.374671 -0.895382 -0.0409497 0.0141561
4.78667 0.402889 -0.882885 -0.0415201 0.0129385
4.79333 0.430734 -0.869495 -0.0420505 0.0116833
4.8 0.458179 -0.855222 -0.0425372 0.0103892
4.80667 0.485197 -0.840081 -0.0429767 0.0090559
4.81333 0.51176 -0.824082 -0.043366 0.00768414
4.82 0.537842 -0.807239 -0.0437021 0.00627574
4.82667 0.563416 -0.789564 -0.0439826 0.00483354
4.83333 0.588453 -0.77107 -0.0442054 0.00336139
4.84 0.612928 -0.751768 -0.0443687 0.00186415
4.84667 0.636812 -0.731672 -0.0444715 0.000347705
4.85333 0.660079 -0.710794 -0.0445129 -0.00118108
4.86 0.682702 -0.689146 -0.0444928 -0.00271436
4.86667 0.704652 -0.666741 -0.0444117 -0.00424332
4.87333 0.725904 -0.643591 -0.0442704 -0.00575816
4.88 0.74643 -0.61971 -0.0440707 -0.00724818
4.88667 0.766202 -0.595108 -0.0438149 -0.00870174
4.89333 0.785165 -0.569815 -0.0435355 -0.0101218
4.9 0.803258 -0.543875 -0.0432679 -0.0115279
4.90667 0.820472 -0.51732 -0.0430003 -0.0129245
4.91333 0.836796 -0.490181 -0.0427216 -0.014315
4.92 0.852219 -0.462489 -0.0424213 -0.0157021
4.92667 0.86673 -0.434275 -0.0420902 -0.0170876
4.93333 0.880319 -0.40557 -0.0417194 -0.0184725
4.94 0.892976 -0.376405 -0.0413014 -0.0198572
4.94667 0.904688 -0.346812 -0.0408295 -0.0212411
4.95333 0.915447 -0.31682 -0.0402981 -0.0226233
4.96 0.925241 -0.286462 -0.0397023 -0.024002
4.96667 0.934059 -0.255768 -0.0390386 -0.0253747
4.97333 0.941891 -0.224769 -0.0383044 -0.0267385
4.98 0.948727 -0.193497 -0.0374982 -0.0280899
4.98667 0.954556 -0.161982 -0.0366198 -0.0294247
4.99333 0.959366 -0.130255 -0.0356698 -0.0307386
5 0.963148 -0.0983483 -0.0346503 -0.0320264
5.00667 0.965891 -0.0662917 -0.0335644 -0.0332827
5.01333 0.967584 -0.0341168 -0.0324164 -0.0345017
5.02 0.968216 -0.00185443 -0.0312119 -0.0356774
5.02667 0.967777 0.0304643 -0.0299578 -0.0368032
5.03333 0.966257 0.0628083 -0.0286621 -0.0378725
5.04 0.963644 0.0951465 -0.0273342 -0.0388783
5.04667 0.959928 0.127448 -0.0259846 -0.0398137
5.05333 0.955097 0.159677 -0.0246268 -0.0406759
5.06 0.949132 0.191745 -0.0232821 -0.0415153
5.06667 0.942043 0.223603 -0.0219454 -0.0423432
5.07333 0.933845 0.255217 -0.0206055 -0.0431534
5.08 0.924555 0.286556 -0.0192527 -0.04394
5.08667 0.914189 0.317588 -0.0178787 -0.044697
5.09333 0.902763 0.34828 -0.0164764 -0.0454187
5.1 0.890294 0.378599 -0.0150403 -0.0460996
5.10667 0.876798 0.408515 -0.0135658 -0.0467342
5.11333 0.862292 0.437993 -0.01205 -0.0473176
5.12 0.846791 0.467002 -0.0104913 -0.047845
5.12667 0.830311 0.49551 -0.00888926 -0.0483122
5.13333 0.81287 0.523484 -0.00724482 -0.0487151
5.14 0.794483 0.550892 -0.00556027 -0.0490504
5.14667 0.775166 0.577702 -0.00383919 -0.0493152
5.15333 0.754937 0.603881 -0.00208643 -0.0495072
5.16 0.73381 0.629397 -0.000308104 -0.0496246
5.16667 0.711803 0.654218 0.00148839 -0.0496664
5.17333 0.688931 0.678311 0.00329445 -0.0496324
5.18 0.665212 0.701645 0.00510022 -0.0495228
5.18667 0.64066 0.724186 0.00689468 -0.0493391
5.19333 0.615293 0.745903 0.00866562 -0.0490833
5.2 0.589127 0.766763 0.0103997 -0.0487583
5.20667 0.562183 0.786723 0.0120883 -0.0483795
5.21333 0.534519 0.805698 0.0137553 -0.0480034
5.22 0.506174 0.823668 0.0154091 -0.0476247
5.22667 0.477186 0.84062 0.0170532 -0.0472297
5.23333 0.447593 0.856545 0.0186901 -0.0468059
5.24 0.417432 0.871429 0.0203214 -0.0463418
5.24667 0.386742 0.885261 0.0219478 -0.0458272
5.25333 0.355558 0.89803 0.023569 -0.0452529
5.26 0.323919 0.909725 0.0251839 -0.0446114
5.26667 0.291862 0.920333 0.0267907 -0.0438962
5.27333 0.259425 0.929843 0.0283866 -0.0431021
5.28 0.226645 0.938243 0.0299683 -0.0422255
5.28667 0.193559 0.945522 0.0315319 -0.041264
5.29333 0.160206 0.951669 0.0330725 -0.0402167
5.3 0.126621 0.956671 0.0345849 -0.0390843
5.30667 0.0928443 0.960518 0.0360634 -0.0378687
5.31333 0.0589115 0.963197 0.0375018 -0.0365736
5.32 0.0248607 0.964697 0.0388933 -0.0352041
5.32667 -0.00927077 0.965007 0.0402309 -0.0337668
5.33333 -0.0434454 0.964115 0.0415074 -0.03227
5.34 -0.0776257 0.962009 0.042715 -0.0307237
5.34667 -0.111774 0.958678 0.0438459 -0.0291392
5.35333 -0.145854 0.95411 0.0448923 -0.0275296
5.36 -0.179815 0.948291 0.0458571 -0.0259123
5.36667 -0.213556 0.941206 0.0467982 -0.0243071
5.37333 -0.247026 0.932872 0.0477185 -0.0227041
5.38 -0.28019 0.923308 0.0486104 -0.0210913
5.38667 -0.313008 0.912535 0.0494664 -0.0194581
5.39333 -0.345444 0.900574 0.050279 -0.017796
5.4 -0.37746 0.887443 0.0510413 -0.0160979
5.40667 -0.409017 0.873165 0.0517466 -0.0143584
5.41333 -0.440078 0.857757 0.0523886 -0.0125737
5.42 -0.470606 0.841242 0.0529614 -0.0107419
5.42667 -0.500563 0.823639 0.0534598 -0.0088624
5.43333 -0.529911 0.804968 0.053879 -0.00693649
5.44 -0.558612 0.78525 0.0542151 -0.00496696
5.44667 -0.586629 0.764505 0.0544646 -0.00295821
5.45333 -0.613924 0.742752 0.054625 -0.000916252
5.46 -0.640459 0.720013 0.0546946 0.00115139
5.46667 -0.666196 0.696307 0.0546726 0.00323564
5.47333 -0.691099 0.671655 0.0545592 0.00532593
5.48 -0.715129 0.646076 0.0543554 0.0074102
5.48667 -0.738248 0.619592 0.0540637 0.00947497
5.49333 -0.760419 0.592221 0.0536873 0.0115053
5.5 -0.781604 0.563985 0.0532311 0.0134851
5.50667 -0.80172 0.534933 0.0527463 0.0154258
5.51333 -0.82071 0.505125 0.0522585 0.0173482
5.52 -0.838562 0.474604 0.051751 0.0192563
5.52667 -0.855264 0.443416 0.0512087 0.0211526
5.53333 -0.870803 0.411604 0.0506178 0.0230386
5.54 -0.885166 0.379213 0.0499663 0.0249147
5.54667 -0.898341 0.346286 0.0492433 0.0267802
5.55333 -0.910315 0.312868 0.0484401 0.0286334
5.56 -0.921075 0.279003 0.047549 0.0304716
5.56667 -0.930609 0.244735 0.0465645 0.0322915
5.57333 -0.938904 0.210108 0.0454827 0.0340886
5.58 -0.945948 0.175166 0.0443012 0.0358578
5.58667 -0.951727 0.139955 0.0430198 0.0375934
5.59333 -0.95623 0.104517 0.0416399 0.0392889
5.6 -0.959444 0.068897 0.0401648 0.0409374
5.60667 -0.961356 0.0331392 0.0385998 0.0425313
5.61333 -0.961953 -0.00271231 0.036952 0.0440629
5.62 -0.961224 -0.0386134 0.0352305 0.0455238
5.62667 -0.959154 -0.0745198 0.0334464 0.0469055
5.63333 -0.955732 -0.110387 0.0316128 0.0481992
5.64 -0.950945 -0.146172 0.0297446 0.0493961
5.64667 -0.94478 -0.181825 0.0278602 0.0504918
5.65333 -0.937218 -0.217234 0.0259839 0.0515457
5.66 -0.928275 -0.252332 0.0241085 0.0525712
5.66667 -0.917975 -0.287076 0.0222202 0.0535588
5.67333 -0.906344 -0.321423 0.0203074 0.0544992
5.68 -0.893404 -0.35533 0.0183605 0.0553837
5.68667 -0.87918 -0.388753 0.016372 0.0562038
5.69333 -0.863697 -0.421648 0.0143363 0.0569516
5.7 -0.846979 -0.453972 0.0122499 0.0576197
5.70667 -0.829049 -0.485683 0.0101114 0.0582013
5.71333 -0.809932 -0.516736 0.00792112 0.0586906
5.72 -0.789653 -0.547088 0.00568158 0.0590823
5.72667 -0.768236 -0.576696 0.00339712 0.0593721
5.73333 -0.745704 -0.605517 0.00107404 0.0595568
5.74 -0.722082 -0.633506 -0.00127951 0.059634
5.74667 -0.697395 -0.660622 -0.00365351 0.0596027
5.75333 -0.671666 -0.686819 -0.00603613 0.0594629
5.76 -0.64492 -0.712056 -0.00841378 0.0592159
5.76667 -0.617181 -0.736288 -0.0107711 0.0588645
5.77333 -0.588473 -0.759472 -0.0130912 0.0584127
5.78 -0.55882 -0.781566 -0.0153553 0.0578661
5.78667 -0.528277 -0.80248 -0.0175724 0.0572763
5.79333 -0.496913 -0.822148 -0.0197675 0.0566759
5.8 -0.46478 -0.840557 -0.0219441 0.0560457
5.80667 -0.43193 -0.857692 -0.0241047 0.0553686
5.81333 -0.398412 -0.873539 -0.0262499 0.0546289
5.82 -0.364279 -0.888085 -0.0283796 0.0538131
5.82667 -0.329581 -0.901316 -0.0304921 0.0529095
5.83333 -0.294369 -0.913218 -0.0325847 0.0519085
5.84 -0.258695 -0.923777 -0.0346537 0.0508024
5.84667 -0.22261 -0.93298 -0.0366942 0.0495857
5.85333 -0.186165 -0.940812 -0.0387006 0.048255
5.86 -0.149411 -0.947261 -0.0406664 0.0468092
5.86667 -0.112398 -0.952311 -0.0425844 0.0452491
5.87333 -0.0751792 -0.955949 -0.0444466 0.0435782
5.88 -0.0378044 -0.958162 -0.0462447 0.041802
5.88667 -0.000325059 -0.958936 -0.0479696 0.0399285
5.89333 0.0372077 -0.958256 -0.0496121 0.0379678
5.9 0.0747429 -0.956109 -0.0511625 0.0359328
5.90667 0.112229 -0.952482 -0.0526109 0.0338384
5.91333 0.149616 -0.94736 -0.0539475 0.0317021
5.92 0.186845 -0.940728 -0.0551681 0.0295451
5.92667 0.223792 -0.932569 -0.0563377 0.0273934
5.93333 0.260384 -0.922903 -0.0574679 0.0252377
5.94 0.296571 -0.911758 -0.0585475 0.0230632
5.94667 0.332304 -0.899163 -0.0595658 0.0208574
5.95333 0.367533 -0.885147 -0.0605123 0.0186103
5.96 0.402211 -0.869736 -0.0613774 0.0163144
5.96667 0.436286 -0.852961 -0.0621519 0.0139645
5.97333 0.46971 -0.834848 -0.0628276 0.011558
5.98 0.502434 -0.815427 -0.063397 0.00909439
5.98667 0.534407 -0.794725 -0.0638538 0.00657575
5.99333 0.565582 -0.772772 -0.0641925 0.00400634
6 0.595908 -0.749594 -0.064409 0.00139277
6.00667 0.625336 -0.725222 -0.0645004 -0.00125615
6.01333 0.653817 -0.699682 -0.064465 -0.00392938
6.02 0.681301 -0.673003 -0.0643029 -0.00661375
6.02667 0.707739 -0.645214 -0.0640155 -0.00929397
6.03333 0.733083 -0.616343 -0.0636058 -0.0119527
6.04 0.757281 -0.586418 -0.0630788 -0.0145707
6.04667 0.780286 -0.555468 -0.0624411 -0.0171267
6.05333 0.802001 -0.523551 -0.0617476 -0.0196291
6.06 0.822353 -0.49075 -0.0610338 -0.0221052
6.06667 0.841325 -0.457121 -0.0602782 -0.0245584
6.07333 0.858904 -0.422725 -0.0594614 -0.0269904
6.08 0.875073 -0.387617 -0.0585662 -0.0294016
6.08667 0.889817 -0.351858 -0.0575778 -0.0317907
6.09333 0.903122 -0.315505 -0.0564836 -0.0341551
6.1 0.914971 -0.278616 -0.0552735 -0.0364909
6.10667 0.925351 -0.241251 -0.0539399 -0.038793
6.11333 0.934245 -0.203466 -0.0524777 -0.0410553
6.12 0.941639 -0.165321 -0.0508845 -0.0432706
6.12667 0.947518 -0.126874 -0.0491605 -0.0454309
6.13333 0.951865 -0.0881833 -0.0473084 -0.0475275
6.14 0.954666 -0.0493066 -0.0453338 -0.0495507
6.14667 0.955906 -0.0103027 -0.0432451 -0.0514907
6.15333 0.95557 0.0287703 -0.0410535 -0.0533368
6.16 0.953642 0.067854 -0.038773 -0.0550783
6.16667 0.950107 0.10689 -0.0364203 -0.0567043
6.17333 0.944951 0.14582 -0.0340152 -0.0582034
6.18 0.938156 0.184583 -0.031581 -0.0595684
6.18667 0.929704 0.223042 -0.0291475 -0.0608653
6.19333 0.919617 0.261111 -0.0267064 -0.0621118
6.2 0.907925 0.298734 -0.0242414 -0.063295
6.20667 0.894663 0.335857 -0.0217392 -0.0644024
6.21333 0.879862 0.372422 -0.019189 -0.065422
6.22 0.863554 0.408376 -0.0165833 -0.0663428
6.22667 0.845773 0.443661 -0.0139172 -0.0671544
6.23333 0.826551 0.478223 -0.0111885 -0.0678476
6.24 0.805919 0.512005 -0.0083982 -0.0684143
6.24667 0.783911 0.544954 -0.0055496 -0.0688474
6.25333 0.760559 0.577011 -0.00264894 -0.0691416
6.26 0.735895 0.608123 0.00029496 -0.0692926
6.26667 0.709952 0.638234 0.00327065 -0.069298
6.27333 0.682762 0.667288 0.00626417 -0.0691571
6.28 0.654358 0.695229 0.00925905 -0.0688708
6.28667 0.624771 0.722001 0.0122364 -0.0684423
6.29333 0.594035 0.747551 0.0151751 -0.0678764
6.3 0.562182 0.77182 0.0180517 -0.0671803
6.30667 0.529263 0.794727 0.0208591 -0.0663923
6.31333 0.495373 0.816162 0.0236327 -0.0655755
6.32 0.46058 0.836107 0.0263778 -0.0647088
6.32667 0.424949 0.854544 0.029096 -0.0637702
6.33333 0.388547 0.871456 0.0317874 -0.0627404
6.34 0.351438 0.886827 0.03445 -0.0616024
6.34667 0.313689 0.90064 0.0370806 -0.0603425
6.35333 0.275366 0.912878 0.0396743 -0.0589495
6.36 0.236533 0.923525 0.0422249 -0.0574153
6.36667 0.197257 0.932564 0.0447251 -0.0557348
6.37333 0.157604 0.939977 0.0471663 -0.0539059
6.38 0.117639 0.945749 0.0495392 -0.0519298
6.38667 0.0774273 0.949862 0.0518334 -0.0498105
6.39333 0.0370354 0.9523 0.0540379 -0.0475557
6.4 -0.0034712 0.953046 0.0561412 -0.0451761
6.40667 -0.0440269 0.952082 0.0581313 -0.0426857
6.41333 -0.0845658 0.949394 0.0599958 -0.0401019
6.42 -0.125022 0.944963 0.0617225 -0.0374454
6.42667 -0.165331 0.938773 0.0632988 -0.0347404
6.43333 -0.205385 0.930802 0.0647531 -0.0320194
6.44 -0.245044 0.921053 0.0661487 -0.0292936
6.44667 -0.284243 0.909562 0.0674726 -0.0265446
6.45333 -0.322921 0.896366 0.06871 -0.0237565
6.46 -0.361015 0.881501 0.0698472 -0.0209171
6.46667 -0.398463 0.865003 0.0708714 -0.0180175
6.47333 -0.435203 0.84691 0.0717706 -0.015052
6.48 -0.471173 0.827257 0.0725341 -0.0120181
6.48667 -0.506311 0.806081 0.0731526 -0.00891686
6.49333 -0.540554 0.78342 0.0736182 -0.00575219
6.5 -0.573841 0.759308 0.0739246 -0.00253129
6.50667 -0.606109 0.733784 0.0740672 0.000735574
6.51333 -0.637297 0.706883 0.0740435 0.00403516
6.52 -0.667341 0.678642 0.0738528 0.00735129
6.52667 -0.696181 0.649097 0.0734968 0.0106649
6.53333 -0.723754 0.618286 0.0729793 0.0139542
6.54 -0.749997 0.586244 0.0723066 0.0171948
6.54667 -0.774849 0.553008 0.0714877 0.0203596
6.55333 -0.798191 0.518655 0.070591 0.02346
6.56 -0.819942 0.483283 0.0696489 0.0265243
6.56667 -0.840083 0.446965 0.0686351 0.0295554
6.57333 -0.858597 0.409774 0.0675264 0.0325536
6.58 -0.875465 0.371783 0.0663024 0.0355175
6.58667 -0.890668 0.333066 0.0649462 0.0384439
6.59333 -0.904187 0.293695 0.0634441 0.0413277
6.6 -0.916005 0.253745 0.0617858 0.0441622
6.60667 -0.926102 0.213289 0.0599646 0.0469394
6.61333 -0.934461 0.172399 0.057977 0.04965
6.62 -0.941062 0.13115 0.0558235 0.0522834
6.62667 -0.945887 0.0896141 0.0535082 0.0548281
6.63333 -0.948917 0.0478652 0.0510387 0.057272
6.64 -0.950134 0.00597634 0.0484266 0.059602
6.64667 -0.94952 -0.035979 0.0456874 0.0618048
6.65333 -0.947056 -0.0779275 0.0428401 0.0638666
6.66 -0.942723 -0.119796 0.039908 0.0657735
6.66667 -0.936503 -0.161511 0.036918 0.0675118
6.67333 -0.928372 -0.202955 0.0339063 0.0691121
6.68 -0.918335 -0.243975 0.0308842 0.0706403
6.68667 -0.906432 -0.284501 0.0278319 0.0720811
6.69333 -0.892704 -0.324464 0.0247326 0.0734182
6.7 -0.877191 -0.363794 0.0215738 0.0746361
6.70667 -0.859935 -0.402424 0.0183466 0.0757205
6.71333 -0.840975 -0.440283 0.015046 0.0766583
6.72 -0.820353 -0.477303 0.0116706 0.077438
6.72667 -0.798108 -0.513415 0.00822302 0.0780494
6.73333 -0.774282 -0.54855 0.00470922 0.0784844
6.74 -0.748916 -0.582639 0.00113886 0.0787367
6.74667 -0.722049 -0.615613 -0.00247492 0.0788021
6.75333 -0.693723 -0.647403 -0.00611556 0.0786787
6.76 -0.663979 -0.677941 -0.00976322 0.0783673
6.76667 -0.632856 -0.707157 -0.0133948 0.0778708
6.77333 -0.600396 -0.734981 -0.0169842 0.0771954
6.78 -0.566638 -0.761347 -0.0205021 0.0763498
6.78667 -0.531644 -0.786155 -0.0239352 0.0753745
6.79333 -0.495526 -0.809277 -0.0273225 0.0743444
6.8 -0.458368 -0.830686 -0.03067 0.0732357
6.80667 -0.420253 -0.850362 -0.0339784 0.0720218
6.81333 -0.381261 -0.868284 -0.0372459 0.0706797
6.82 -0.341473 -0.884433 -0.040469 0.0691903
6.82667 -0.30097 -0.898786 -0.0436418 0.0675379
6.83333 -0.259833 -0.911324 -0.0467567 0.0657111
6.84 -0.218144 -0.922027 -0.0498047 0.0637022
6.84667 -0.175984 -0.930873 -0.052775 0.0615077
6.85333 -0.133433 -0.937842 -0.0556558 0.0591284
6.86 -0.0905734 -0.942914 -0.058434 0.0565691
6.86667 -0.0474855 -0.946068 -0.0610957 0.0538391
6.87333 -0.0042507 -0.947284 -0.0636264 0.0509517
6.88 0.0390499 -0.946541 -0.066011 0.0479251
6.88667 0.0823352 -0.943818 -0.068234 0.0447815
6.89333 0.125524 -0.939095 -0.07028 0.0415477
6.9 0.168534 -0.932352 -0.0721348 0.0382554
6.90667 0.211202 -0.923562 -0.0738662 0.0349452
6.91333 0.253398 -0.912751 -0.075507 0.0316123
6.92 0.295048 -0.899962 -0.0770382 0.0282359
6.92667 0.336074 -0.885242 -0.078442 0.0248
6.93333 0.376401 -0.868634 -0.0797018 0.0212928
6.94 0.415952 -0.850184 -0.0808022 0.0177072
6.94667 0.454652 -0.829936 -0.0817293 0.0140399
6.95333 0.492425 -0.807934 -0.0824713 0.0102923
6.96 0.529194 -0.784224 -0.083018 0.00646971
6.96667 0.564883 -0.75885 -0.0833616 0.00258173
6.97333 0.599417 -0.731857 -0.0834967 -0.00135814
6.98 0.632719 -0.70329 -0.0834204 -0.00533246
6.98667 0.664713 -0.673193 -0.0831326 -0.00932001
6.99333 0.695323 -0.641611 -0.0826361 -0.0132959
7 0.724473 -0.608589 -0.0819368 -0.0172316
7.00667 0.752086 -0.574172 -0.0810441 -0.0210952
7.01333 0.778068 -0.538416 -0.079991 -0.0248645
7.02 0.802268 -0.501445 -0.078866 -0.0285784
7.02667 0.824652 -0.463353 -0.0776493 -0.0322461
7.03333 0.845196 -0.424229 -0.0763117 -0.035868
7.04 0.863877 -0.384163 -0.074828 -0.0394419
7.04667 0.880674 -0.343243 -0.0731774 -0.0429631
7.05333 0.895563 -0.301558 -0.0713433 -0.0464248
7.06 0.908521 -0.259199 -0.0693135 -0.0498182
7.06667 0.919526 -0.216253 -0.0670805 -0.0531325
7.07333 0.928555 -0.17281 -0.0646414 -0.0563554
7.08 0.935585 -0.128958 -0.0619981 -0.0594733
7.08667 0.940594 -0.0847885 -0.0591573 -0.0624713
7.09333 0.943558 -0.0403886 -0.0561307 -0.0653337
7.1 0.944456 0.00415199 -0.0529348 -0.0680439
7.10667 0.943264 0.0487442 -0.0495912 -0.0705851
7.11333 0.939959 0.093299 -0.0461265 -0.0729399
7.12 0.934519 0.137727 -0.0425723 -0.0750914
7.12667 0.926918 0.181916 -0.0389693 -0.0770464
7.13333 0.917145 0.225671 -0.0353464 -0.0788933
7.14 0.905246 0.268896 -0.0316829 -0.0806237
7.14667 0.891268 0.311508 -0.0279596 -0.0822173
7.15333 0.875262 0.353423 -0.0241617 -0.083655
7.16 0.857275 0.394558 -0.0202798 -0.0849191
7.16667 0.837356 0.434829 -0.0163092 -0.0859937
7.17333 0.815554 0.474153 -0.0122501 -0.0868648
7.18 0.791918 0.512445 -0.00810745 -0.0875206
7.18667 0.766497 0.549624 -0.0038909 -0.0879518
7.19333 0.739339 0.585605 0.000385387 -0.0881517
7.2 0.710493 0.620305 0.00470279 -0.0881163
7.20667 0.680008 0.65364 0.00903837 -0.0878451
7.21333 0.647932 0.685527 0.013365 -0.0873405
7.22 0.614316 0.715882 0.0176516 -0.0866088
7.22667 0.579206 0.744623 0.0218631 -0.0856598
7.23333 0.542664 0.771645 0.0259726 -0.0845263
7.24 0.50482 0.79679 0.0300193 -0.0833036
7.24667 0.465778 0.820014 0.0340132 -0.0819724
7.25333 0.425636 0.841292 0.0379543 -0.080501
7.26 0.384491 0.8606 0.0418395 -0.0788624
7.26667 0.342439 0.877912 0.0456629 -0.0770345
7.27333 0.29958 0.893204 0.0494165 -0.0750001
7.28 0.256008 0.906449 0.0530896 -0.0727469
7.28667 0.211823 0.917623 0.0566699 -0.0702679
7.29333 0.16712 0.9267 0.0601432 -0.0675615
7.3 0.121998 0.933656 0.0634938 -0.0646314
7.30667 0.0765532 0.938465 0.0667047 -0.0614867
7.31333 0.0308834 0.941102 0.0697583 -0.0581422
7.32 -0.0149144 0.941542 0.0726358 -0.0546183
7.32667 -0.0607429 0.93976 0.0753184 -0.0509408
7.33333 -0.106505 0.93573 0.0777869 -0.0471417
7.34 -0.152103 0.929427 0.0800228 -0.0432583
7.34667 -0.197355 0.920821 0.0820918 -0.03934
7.35333 -0.242103 0.909936 0.0840378 -0.0353854
7.36 -0.286255 0.896824 0.0858379 -0.0313712
7.36667 -0.32972 0.88154 0.0874705 -0.0272796
7.37333 -0.372407 0.864134 0.0889155 -0.0230986
7.38 -0.414224 0.844661 0.0901545 -0.0188215
7.38667 -0.455082 0.823173 0.0911715 -0.0144474
7.39333 -0.494888 0.799722 0.0919528 -0.00998043
7.4 -0.533551 0.774362 0.0924873 -0.00543028
7.40667 -0.570981 0.747145 0.0927667 -0.000811631
7.41333 -0.607086 0.718124 0.0927863 0.00385578
7.42 -0.641774 0.687352 0.0925444 0.00854733
7.42667 -0.674956 0.654882 0.0920434 0.0132337
7.43333 -0.706539 0.620766 0.0912894 0.0178811
7.44 -0.736433 0.585057 0.0902927 0.0224512
7.44667 -0.764529 0.547818 0.089085 0.026912
7.45333 -0.790654 0.509186 0.0877689 0.0313017
7.46 -0.814757 0.469277 0.0863265 0.0356319
7.46667 -0.836812 0.428195 0.0847237 0.0399019
7.47333 -0.856791 0.386046 0.0829317 0.0441078
7.48 -0.874665 0.342935 0.080927 0.0482426
7.48667 -0.890407 0.298969 0.0786918 0.0522966
7.49333 -0.903989 0.254252 0.0762138 0.0562576
7.5 -0.915384 0.208891 0.0734866 0.0601114
7.50667 -0.924563 0.16299 0.07051 0.0638417
7.51333 -0.931498 0.116656 0.0672895 0.0674308
7.52 -0.936163 0.0699935 0.0638371 0.0708596
7.52667 -0.938528 0.0231085 0.0601708 0.0741081
7.53333 -0.938566 -0.0238935 0.056315 0.0771554
7.54 -0.93625 -0.0709069 0.0523006 0.0799807
7.54667 -0.931552 -0.117826 0.0481646 0.0825628
7.55333 -0.92444 -0.164526 0.043954 0.0849004
7.56 -0.914897 -0.210785 0.0397082 0.0870906
7.56667 -0.902972 -0.256481 0.0354061 0.0891285
7.57333 -0.888723 -0.301517 0.0310259 0.0909896
7.58 -0.872207 -0.345792 0.0265521 0.0926511
7.58667 -0.853479 -0.389209 0.0219754 0.094092
7.59333 -0.832597 -0.431668 0.0172925 0.0952937
7.6 -0.809617 -0.47307 0.0125064 0.0962401
7.60667 -0.784596 -0.513315 0.00762596 0.0969179
7.61333 -0.757591 -0.552306 0.00266576 0.0973172
7.62 -0.728658 -0.589942 -0.00235392 0.0974313
7.62667 -0.697855 -0.626125 -0.00740729 0.0972575
7.63333 -0.665238 -0.660755 -0.0124633 0.096797
7.64 -0.630863 -0.693734 -0.0174858 0.0960557
7.64667 -0.594788 -0.724962 -0.0224336 0.0950436
7.65333 -0.557075 -0.754332 -0.0272665 0.0937853
7.66 -0.517861 -0.781654 -0.0320154 0.0923912
7.66667 -0.477275 -0.806859 -0.0366977 0.0908557
7.67333 -0.435431 -0.829918 -0.0413126 0.0891418
7.68 -0.392443 -0.8508 -0.0458554 0.0872181
7.68667 -0.348424 -0.869473 -0.0503182 0.0850593
7.69333 -0.30349 -0.885908 -0.0546901 0.0826464
7.7 -0.257754 -0.900074 -0.0589573 0.0799665
7.70667 -0.21133 -0.91194 -0.0631037 0.0770136
7.71333 -0.164332 -0.921475 -0.0671113 0.0737879
7.72 -0.116874 -0.928649 -0.07096 0.0702968
7.72667 -0.0690701 -0.93343 -0.0746288 0.0665543
7.73333 -0.0210342 -0.935789 -0.0780952 0.0625815
7.74 0.0271197 -0.935695 -0.0813363 0.0584065
7.74667 0.0752775 -0.933116 -0.0843289 0.0540645
7.75333 0.123325 -0.928023 -0.0870498 0.0495978
7.76 0.171097 -0.920378 -0.0895283 0.0450623
7.76667 0.218371 -0.910185 -0.0918496 0.0404796
7.77333 0.265037 -0.897504 -0.0939902 0.0358233
7.78 0.310987 -0.882395 -0.0959238 0.0310727
7.78667 0.356114 -0.86492 -0.0976265 0.0262142
7.79333 0.400311 -0.845138 -0.0990765 0.0212409
7.8 0.443471 -0.82311 -0.100255 0.016153
7.80667 0.485486 -0.798898 -0.101145 0.0109571
7.81333 0.526249 -0.772561 -0.101734 0.00566643
7.82 0.565653 -0.74416 -0.102013 0.000300588
7.82667 0.603591 -0.713756 -0.101978 -0.00511469
7.83333 0.639955 -0.68141 -0.101627 -0.0105477
7.84 0.674638 -0.647182 -0.100965 -0.0159609
7.84667 0.707533 -0.611133 -0.1 -0.0213113
7.85333 0.738533 -0.573323 -0.0987481 -0.0265507
7.86 0.767454 -0.53387 -0.0973051 -0.0316824
7.86667 0.794172 -0.492926 -0.0957127 -0.0367402
7.87333 0.818654 -0.450614 -0.0939295 -0.0417236
7.88 0.840867 -0.407056 -0.0919206 -0.0466281
7.88667 0.860776 -0.362375 -0.0896574 -0.0514453
7.89333 0.878347 -0.316693 -0.0871185 -0.0561635
7.9 0.893548 -0.270134 -0.0842893 -0.0607679
7.90667 0.906344 -0.222819 -0.0811624 -0.065241
7.91333 0.916702 -0.174872 -0.0777378 -0.069563
7.92 0.924587 -0.126414 -0.0740232 -0.0737119
7.92667 0.929967 -0.0775689 -0.0700335 -0.0776646
7.93333 0.932806 -0.0284588 -0.0657917 -0.0813964
7.94 0.933072 0.0207936 -0.0613283 -0.0848822
7.94667 0.930731 0.0700657 -0.0566819 -0.0880963
7.95333 0.925749 0.119235 -0.0518987 -0.0910134
7.96 0.918085 0.168111 -0.0470406 -0.0936758
7.96667 0.907751 0.216471 -0.0421235 -0.0961609
7.97333 0.894811 0.264196 -0.0371194 -0.0984403
7.98 0.87933 0.311173 -0.0320078 -0.100486
7.98667 0.861373 0.357284 -0.026776 -0.102273
7.99333 0.841003 0.402414 -0.0214186 -0.103777
8 0.818285 0.446448 -0.0159381 -0.104978
