0 1 0 1 0 
0.0483679 1 0.0483679 1 0.0483679 
0.0967358 1 0.0967358 1 0.0967358 
0.145104 1 0.145104 1 0.145104 
0.193472 1 0.193472 1 0.193472 
0.241839 1 0.241839 1 0.241839 
0.290207 1 0.290207 1 0.290207 
0.338575 1 0.338575 1 0.338575 
0.386943 1 0.386943 1 0.386943 
0.435311 1 0.435311 1 0.435311 
0.483679 1 0.483679 1 0.483679 
0.532047 1 0.532047 1 0.532047 
0.580415 1 0.580415 1 0.580415 
0.628782 1 0.628782 1 0.628782 
0.67715 1 0.67715 1 0.67715 
0.725518 1 0.725518 1 0.725518 
0.773886 1 0.773886 1 0.773886 
0.822254 1 0.822254 1 0.822254 
0.870622 1 0.870622 1 0.870622 
0.91899 1 0.91899 1 0.91899 
0.967358 1 0.967358 1 0.967358 
1.01573 0.991812 1.00766 0.984275 1 
1.06409 0.943073 1.00766 0.935907 1 
1.11246 0.894335 1.00766 0.887539 1 
1.16083 0.845596 1.00766 0.839171 1 
1.2092 0.796858 1.00766 0.790803 1 
1.25756 0.748119 1.00766 0.742435 1 
1.30593 0.69938 1.00766 0.694067 1 
1.3543 0.650642 1.00766 0.645699 1 
1.40267 0.601903 1.00766 0.597331 1 
1.45104 0.553165 1.00766 0.548964 1 
1.4994 0.504426 1.00766 0.500596 1 
1.54777 0.455688 1.00766 0.452228 1 
1.59614 0.406949 1.00766 0.40386 1 
1.64451 0.35821 1.00766 0.355492 1 
1.69288 0.309472 1.00766 0.307124 1 
1.74124 0.260733 1.00766 0.258756 1 
1.78961 0.211995 1.00766 0.210388 1 
1.83798 0.163256 1.00766 0.162021 1 
1.88635 0.114518 1.00766 0.113653 1 
1.93472 0.0657789 1.00766 0.0652848 1 
1.98308 0.0170404 1.00766 0.0169169 1 
2.03145 -0.0316982 1.00766 -0.0314509 1 
2.07982 -0.0804368 1.00766 -0.0798188 1 
2.12819 -0.129175 1.00766 -0.128187 1 
2.17655 -0.177914 1.00766 -0.176555 1 
2.22492 -0.226653 1.00766 -0.224922 1 
2.27329 -0.275391 1.00766 -0.27329 1 
2.32166 -0.32413 1.00766 -0.321658 1 
2.37003 -0.372868 1.00766 -0.370026 1 
2.41839 -0.421607 1.00766 -0.418394 1 
2.46676 -0.470345 1.00766 -0.466762 1 
2.51513 -0.519084 1.00766 -0.51513 1 
2.5635 -0.567823 1.00766 -0.563498 1 
2.61187 -0.616561 1.00766 -0.611865 1 
2.66023 -0.6653 1.00766 -0.660233 1 
2.7086 -0.714038 1.00766 -0.708601 1 
2.75697 -0.762777 1.00766 -0.756969 1 
2.80534 -0.811515 1.00766 -0.805337 1 
2.8537 -0.860254 1.00766 -0.853705 1 
2.90207 -0.908993 1.00766 -0.902073 1 
2.95044 -0.957731 1.00766 -0.950441 1 
2.99881 -1.00647 1.00766 -0.998809 1 
3.04718 -1.01459 0.966704 -1 0.952824 
3.09554 -1.01459 0.91763 -1 0.904456 
3.14391 -1.01459 0.868557 -1 0.856088 
3.19228 -1.01459 0.819483 -1 0.80772 
3.24065 -1.01459 0.770409 -1 0.759352 
3.28902 -1.01459 0.721335 -1 0.710984 
3.33738 -1.01459 0.672262 -1 0.662616 
3.38575 -1.01459 0.623188 -1 0.614248 
3.43412 -1.01459 0.574114 -1 0.565881 
3.48249 -1.01459 0.525041 -1 0.517513 
3.53086 -1.01459 0.475967 -1 0.469145 
3.57922 -1.01459 0.426893 -1 0.420777 
3.62759 -1.01459 0.377819 -1 0.372409 
3.67596 -1.01459 0.328746 -1 0.324041 
3.72433 -1.01459 0.279672 -1 0.275673 
3.77269 -1.01459 0.230598 -1 0.227305 
3.82106 -1.01459 0.181525 -1 0.178938 
3.86943 -1.01459 0.132451 -1 0.13057 
3.9178 -1.01459 0.0833772 -1 0.0822018 
3.96617 -1.01459 0.0343035 -1 0.0338339 
4.01453 -1.01459 -0.0147702 -1 -0.014534 
4.0629 -1.01459 -0.0638439 -1 -0.0629019 
4.11127 -1.01459 -0.112918 -1 -0.11127 
4.15964 -1.01459 -0.161991 -1 -0.159638 
4.20801 -1.01459 -0.211065 -1 -0.208006 
4.25637 -1.01459 -0.260139 -1 -0.256373 
4.30474 -1.01459 -0.309212 -1 -0.304741 
4.35311 -1.01459 -0.358286 -1 -0.353109 
4.40148 -1.01459 -0.40736 -1 -0.401477 
4.44984 -1.01459 -0.456434 -1 -0.449845 
4.49821 -1.01459 -0.505507 -1 -0.498213 
4.54658 -1.01459 -0.554581 -1 -0.546581 
4.59495 -1.01459 -0.603655 -1 -0.594949 
4.64332 -1.01459 -0.652728 -1 -0.643316 
4.69168 -1.01459 -0.701802 -1 -0.691684 
4.74005 -1.01459 -0.750876 -1 -0.740052 
4.78842 -1.01459 -0.79995 -1 -0.78842 
4.83679 -1.01459 -0.849023 -1 -0.836788 
4.88516 -1.01459 -0.898097 -1 -0.885156 
4.93352 -1.01459 -0.947171 -1 -0.933524 
4.98189 -1.01459 -0.996244 -1 -0.981892 
5.03026 -0.974042 -1.00442 -0.969741 -1 
5.07863 -0.92546 -1.00442 -0.921373 -1 
5.127 -0.876878 -1.00442 -0.873005 -1 
5.17536 -0.828297 -1.00442 -0.824637 -1 
5.22373 -0.779715 -1.00442 -0.776269 -1 
5.2721 -0.731133 -1.00442 -0.727901 -1 
5.32047 -0.682551 -1.00442 -0.679533 -1 
5.36883 -0.633969 -1.00442 -0.631165 -1 
5.4172 -0.585388 -1.00442 -0.582798 -1 
5.46557 -0.536806 -1.00442 -0.53443 -1 
5.51394 -0.488224 -1.00442 -0.486062 -1 
5.56231 -0.439642 -1.00442 -0.437694 -1 
5.61067 -0.39106 -1.00442 -0.389326 -1 
5.65904 -0.342478 -1.00442 -0.340958 -1 
5.70741 -0.293897 -1.00442 -0.29259 -1 
5.75578 -0.245315 -1.00442 -0.244222 -1 
5.80415 -0.196733 -1.00442 -0.195854 -1 
5.85251 -0.148151 -1.00442 -0.147487 -1 
5.90088 -0.0995693 -1.00442 -0.0991187 -1 
5.94925 -0.0509874 -1.00442 -0.0507508 -1 
5.99762 -0.0024056 -1.00442 -0.00238295 -1 
6.04598 0.0461762 -1.00442 0.0459849 -1 
6.09435 0.094758 -1.00442 0.0943528 -1 
6.14272 0.14334 -1.00442 0.142721 -1 
6.19109 0.191922 -1.00442 0.191089 -1 
6.23946 0.240504 -1.00442 0.239456 -1 
6.28782 0.289085 -1.00442 0.287824 -1 
6.33619 0.337667 -1.00442 0.336192 -1 
6.38456 0.386249 -1.00442 0.38456 -1 
6.43293 0.434831 -1.00442 0.432928 -1 
6.4813 0.483413 -1.00442 0.481296 -1 
6.52966 0.531994 -1.00442 0.529664 -1 
6.57803 0.580576 -1.00442 0.578032 -1 
6.6264 0.629158 -1.00442 0.626399 -1 
6.67477 0.67774 -1.00442 0.674767 -1 
6.72314 0.726322 -1.00442 0.723135 -1 
6.7715 0.774904 -1.00442 0.771503 -1 
6.81987 0.823485 -1.00442 0.819871 -1 
6.86824 0.872067 -1.00442 0.868239 -1 
6.91661 0.920649 -1.00442 0.916607 -1 
6.96497 0.969231 -1.00442 0.964975 -1 
7.01334 1.00972 -0.996218 1 -0.986657 
7.06171 1.00972 -0.947381 1 -0.93829 
7.11008 1.00972 -0.898543 1 -0.889922 
7.15845 1.00972 -0.849705 1 -0.841554 
7.20681 1.00972 -0.800867 1 -0.793186 
7.25518 1.00972 -0.752029 1 -0.744818 
7.30355 1.00972 -0.703192 1 -0.69645 
7.35192 1.00972 -0.654354 1 -0.648082 
7.40029 1.00972 -0.605516 1 -0.599714 
7.44865 1.00972 -0.556678 1 -0.551347 
7.49702 1.00972 -0.50784 1 -0.502979 
7.54539 1.00972 -0.459002 1 -0.454611 
7.59376 1.00972 -0.410165 1 -0.406243 
7.64212 1.00972 -0.361327 1 -0.357875 
7.69049 1.00972 -0.312489 1 -0.309507 
7.73886 1.00972 -0.263651 1 -0.261139 
7.78723 1.00972 -0.214813 1 -0.212771 
7.8356 1.00972 -0.165976 1 -0.164404 
7.88396 1.00972 -0.117138 1 -0.116036 
7.93233 1.00972 -0.0683 1 -0.0676678 
7.9807 1.00972 -0.0194622 1 -0.0192999 
8.02907 1.00972 0.0293756 1 0.029068 
8.07744 1.00972 0.0782134 1 0.0774359 
8.1258 1.00972 0.127051 1 0.125804 
8.17417 1.00972 0.175889 1 0.174172 
8.22254 1.00972 0.224727 1 0.22254 
8.27091 1.00972 0.273565 1 0.270907 
8.31928 1.00972 0.322402 1 0.319275 
8.36764 1.00972 0.37124 1 0.367643 
8.41601 1.00972 0.420078 1 0.416011 
8.46438 1.00972 0.468916 1 0.464379 
8.51275 1.00972 0.517754 1 0.512747 
8.56111 1.00972 0.566592 1 0.561115 
8.60948 1.00972 0.615429 1 0.609483 
8.65785 1.00972 0.664267 1 0.65785 
8.70622 1.00972 0.713105 1 0.706218 
8.75459 1.00972 0.761943 1 0.754586 
8.80295 1.00972 0.810781 1 0.802954 
8.85132 1.00972 0.859618 1 0.851322 
8.89969 1.00972 0.908456 1 0.89969 
8.94806 1.00972 0.957294 1 0.948058 
8.99643 1.00972 1.00613 1 0.996426 
9.04479 0.968768 1.01427 0.955207 1 
9.09316 0.91971 1.01427 0.906839 1 
9.14153 0.870652 1.01427 0.858471 1 
9.1899 0.821594 1.01427 0.810103 1 
9.23826 0.772536 1.01427 0.761735 1 
9.28663 0.723478 1.01427 0.713367 1 
9.335 0.674419 1.01427 0.664999 1 
9.38337 0.625361 1.01427 0.616631 1 
9.43174 0.576303 1.01427 0.568264 1 
9.4801 0.527245 1.01427 0.519896 1 
9.52847 0.478187 1.01427 0.471528 1 
9.57684 0.429129 1.01427 0.42316 1 
9.62521 0.38007 1.01427 0.374792 1 
9.67358 0.331012 1.01427 0.326424 1 
9.72194 0.281954 1.01427 0.278056 1 
9.77031 0.232896 1.01427 0.229688 1 
9.81868 0.183838 1.01427 0.18132 1 
9.86705 0.13478 1.01427 0.132953 1 
9.91542 0.0857215 1.01427 0.0845847 1 
9.96378 0.0366633 1.01427 0.0362168 1 
10.0122 -0.0123948 1.01427 -0.012151 1 
10.0605 -0.061453 1.01427 -0.0605189 1 
10.1089 -0.110511 1.01427 -0.108887 1 
10.1573 -0.159569 1.01427 -0.157255 1 
10.2056 -0.208627 1.01427 -0.205623 1 
10.254 -0.257686 1.01427 -0.25399 1 
10.3024 -0.306744 1.01427 -0.302358 1 
10.3507 -0.355802 1.01427 -0.350726 1 
10.3991 -0.40486 1.01427 -0.399094 1 
10.4475 -0.453918 1.01427 -0.447462 1 
10.4958 -0.502976 1.01427 -0.49583 1 
10.5442 -0.552035 1.01427 -0.544198 1 
10.5926 -0.601093 1.01427 -0.592566 1 
10.6409 -0.650151 1.01427 -0.640933 1 
10.6893 -0.699209 1.01427 -0.689301 1 
10.7377 -0.748267 1.01427 -0.737669 1 
10.786 -0.797325 1.01427 -0.786037 1 
10.8344 -0.846384 1.01427 -0.834405 1 
10.8828 -0.895442 1.01427 -0.882773 1 
10.9311 -0.9445 1.01427 -0.931141 1 
10.9795 -0.993558 1.01427 -0.979509 1 
11.0279 -1.00173 0.973829 -1 0.972123 
11.0762 -1.00173 0.925377 -1 0.923756 
11.1246 -1.00173 0.876926 -1 0.875388 
11.173 -1.00173 0.828474 -1 0.82702 
11.2213 -1.00173 0.780022 -1 0.778652 
11.2697 -1.00173 0.73157 -1 0.730284 
11.3181 -1.00173 0.683118 -1 0.681916 
11.3665 -1.00173 0.634667 -1 0.633548 
11.4148 -1.00173 0.586215 -1 0.58518 
11.4632 -1.00173 0.537763 -1 0.536813 
11.5116 -1.00173 0.489311 -1 0.488445 
11.5599 -1.00173 0.44086 -1 0.440077 
11.6083 -1.00173 0.392408 -1 0.391709 
11.6567 -1.00173 0.343956 -1 0.343341 
11.705 -1.00173 0.295504 -1 0.294973 
11.7534 -1.00173 0.247053 -1 0.246605 
11.8018 -1.00173 0.198601 -1 0.198237 
11.8501 -1.00173 0.150149 -1 0.14987 
11.8985 -1.00173 0.101697 -1 0.101502 
11.9469 -1.00173 0.0532455 -1 0.0531338 
11.9952 -1.00173 0.0047937 -1 0.0047659 
12.0436 -1.00173 -0.0436581 -1 -0.043602 
12.092 -1.00173 -0.0921098 -1 -0.0919699 
12.1403 -1.00173 -0.140562 -1 -0.140338 
12.1887 -1.00173 -0.189013 -1 -0.188706 
12.2371 -1.00173 -0.237465 -1 -0.237073 
12.2854 -1.00173 -0.285917 -1 -0.285441 
12.3338 -1.00173 -0.334369 -1 -0.333809 
12.3822 -1.00173 -0.38282 -1 -0.382177 
12.4305 -1.00173 -0.431272 -1 -0.430545 
12.4789 -1.00173 -0.479724 -1 -0.478913 
12.5273 -1.00173 -0.528176 -1 -0.527281 
12.5756 -1.00173 -0.576628 -1 -0.575649 
12.624 -1.00173 -0.625079 -1 -0.624017 
12.6724 -1.00173 -0.673531 -1 -0.672384 
12.7208 -1.00173 -0.721983 -1 -0.720752 
12.7691 -1.00173 -0.770435 -1 -0.76912 
12.8175 -1.00173 -0.818886 -1 -0.817488 
12.8659 -1.00173 -0.867338 -1 -0.865856 
12.9142 -1.00173 -0.91579 -1 -0.914224 
12.9626 -1.00173 -0.964242 -1 -0.962592 
13.011 -0.993571 -1.00462 -0.98904 -1 
13.0593 -0.944979 -1.00462 -0.940673 -1 
13.1077 -0.896388 -1.00462 -0.892305 -1 
13.1561 -0.847797 -1.00462 -0.843937 -1 
13.2044 -0.799206 -1.00462 -0.795569 -1 
13.2528 -0.750614 -1.00462 -0.747201 -1 
13.3012 -0.702023 -1.00462 -0.698833 -1 
13.3495 -0.653432 -1.00462 -0.650465 -1 
13.3979 -0.604841 -1.00462 -0.602097 -1 
13.4463 -0.55625 -1.00462 -0.55373 -1 
13.4946 -0.507658 -1.00462 -0.505362 -1 
13.543 -0.459067 -1.00462 -0.456994 -1 
13.5914 -0.410476 -1.00462 -0.408626 -1 
13.6397 -0.361885 -1.00462 -0.360258 -1 
13.6881 -0.313293 -1.00462 -0.31189 -1 
13.7365 -0.264702 -1.00462 -0.263522 -1 
13.7848 -0.216111 -1.00462 -0.215154 -1 
13.8332 -0.16752 -1.00462 -0.166786 -1 
13.8816 -0.118928 -1.00462 -0.118419 -1 
13.9299 -0.070337 -1.00462 -0.0700507 -1 
13.9783 -0.0217458 -1.00462 -0.0216828 -1 
14.0267 0.0268455 -1.00462 0.026685 -1 
14.0751 0.0754367 -1.00462 0.0750529 -1 
14.1234 0.124028 -1.00462 0.123421 -1 
14.1718 0.172619 -1.00462 0.171789 -1 
14.2202 0.22121 -1.00462 0.220157 -1 
14.2685 0.269802 -1.00462 0.268524 -1 
14.3169 0.318393 -1.00462 0.316892 -1 
14.3653 0.366984 -1.00462 0.36526 -1 
14.4136 0.415575 -1.00462 0.413628 -1 
14.462 0.464167 -1.00462 0.461996 -1 
14.5104 0.512758 -1.00462 0.510364 -1 
14.5587 0.561349 -1.00462 0.558732 -1 
14.6071 0.60994 -1.00462 0.6071 -1 
14.6555 0.658532 -1.00462 0.655467 -1 
14.7038 0.707123 -1.00462 0.703835 -1 
14.7522 0.755714 -1.00462 0.752203 -1 
14.8006 0.804305 -1.00462 0.800571 -1 
14.8489 0.852897 -1.00462 0.848939 -1 
14.8973 0.901488 -1.00462 0.897307 -1 
14.9457 0.950079 -1.00462 0.945675 -1 
14.994 0.99867 -1.00462 0.994043 -1 
15.0424 1.00677 -0.963973 1 -0.957589 
15.0908 1.00677 -0.915278 1 -0.909222 
15.1391 1.00677 -0.866583 1 -0.860854 
15.1875 1.00677 -0.817888 1 -0.812486 
15.2359 1.00677 -0.769192 1 -0.764118 
15.2842 1.00677 -0.720497 1 -0.71575 
15.3326 1.00677 -0.671802 1 -0.667382 
15.381 1.00677 -0.623106 1 -0.619014 
15.4294 1.00677 -0.574411 1 -0.570646 
15.4777 1.00677 -0.525716 1 -0.522279 
15.5261 1.00677 -0.477021 1 -0.473911 
15.5745 1.00677 -0.428325 1 -0.425543 
15.6228 1.00677 -0.37963 1 -0.377175 
15.6712 1.00677 -0.330935 1 -0.328807 
15.7196 1.00677 -0.28224 1 -0.280439 
15.7679 1.00677 -0.233544 1 -0.232071 
15.8163 1.00677 -0.184849 1 -0.183703 
15.8647 1.00677 -0.136154 1 -0.135336 
15.913 1.00677 -0.0874584 1 -0.0869677 
15.9614 1.00677 -0.0387631 1 -0.0385998 
16.0098 1.00677 0.00993217 1 0.0097681 
16.0581 1.00677 0.0586275 1 0.058136 
16.1065 1.00677 0.107323 1 0.106504 
16.1549 1.00677 0.156018 1 0.154872 
16.2032 1.00677 0.204713 1 0.20324 
16.2516 1.00677 0.253409 1 0.251607 
16.3 1.00677 0.302104 1 0.299975 
16.3483 1.00677 0.350799 1 0.348343 
16.3967 1.00677 0.399494 1 0.396711 
16.4451 1.00677 0.44819 1 0.445079 
16.4934 1.00677 0.496885 1 0.493447 
16.5418 1.00677 0.54558 1 0.541815 
16.5902 1.00677 0.594276 1 0.590183 
16.6386 1.00677 0.642971 1 0.638551 
16.6869 1.00677 0.691666 1 0.686918 
16.7353 1.00677 0.740361 1 0.735286 
16.7837 1.00677 0.789057 1 0.783654 
16.832 1.00677 0.837752 1 0.832022 
16.8804 1.00677 0.886447 1 0.88039 
16.9288 1.00677 0.935143 1 0.928758 
16.9771 1.00677 0.983838 1 0.977126 
17.0255 0.966721 0.991954 0.974506 1 
17.0739 0.918743 0.991954 0.926139 1 
17.1222 0.870764 0.991954 0.877771 1 
17.1706 0.822785 0.991954 0.829403 1 
17.219 0.774807 0.991954 0.781035 1 
17.2673 0.726828 0.991954 0.732667 1 
17.3157 0.678849 0.991954 0.684299 1 
17.3641 0.63087 0.991954 0.635931 1 
17.4124 0.582892 0.991954 0.587563 1 
17.4608 0.534913 0.991954 0.539196 1 
17.5092 0.486934 0.991954 0.490828 1 
17.5575 0.438956 0.991954 0.44246 1 
17.6059 0.390977 0.991954 0.394092 1 
17.6543 0.342998 0.991954 0.345724 1 
17.7026 0.29502 0.991954 0.297356 1 
17.751 0.247041 0.991954 0.248988 1 
17.7994 0.199062 0.991954 0.20062 1 
17.8477 0.151083 0.991954 0.152252 1 
17.8961 0.103105 0.991954 0.103885 1 
17.9445 0.0551261 0.991954 0.0555167 1 
17.9929 0.0071474 0.991954 0.00714885 1 
18.0412 -0.0408313 0.991954 -0.041219 1 
18.0896 -0.08881 0.991954 -0.0895869 1 
18.138 -0.136789 0.991954 -0.137955 1 
18.1863 -0.184767 0.991954 -0.186323 1 
18.2347 -0.232746 0.991954 -0.234691 1 
18.2831 -0.280725 0.991954 -0.283058 1 
18.3314 -0.328703 0.991954 -0.331426 1 
18.3798 -0.376682 0.991954 -0.379794 1 
18.4282 -0.424661 0.991954 -0.428162 1 
18.4765 -0.47264 0.991954 -0.47653 1 
18.5249 -0.520618 0.991954 -0.524898 1 
18.5733 -0.568597 0.991954 -0.573266 1 
18.6216 -0.616576 0.991954 -0.621634 1 
18.67 -0.664554 0.991954 -0.670001 1 
18.7184 -0.712533 0.991954 -0.718369 1 
18.7667 -0.760512 0.991954 -0.766737 1 
18.8151 -0.80849 0.991954 -0.815105 1 
18.8635 -0.856469 0.991954 -0.863473 1 
18.9118 -0.904448 0.991954 -0.911841 1 
18.9602 -0.952427 0.991954 -0.960209 1 
19.0086 -0.992409 0.983889 -1 0.991423 
19.0569 -0.992409 0.935888 -1 0.943056 
19.1053 -0.992409 0.887888 -1 0.894688 
19.1537 -0.992409 0.839887 -1 0.84632 
19.202 -0.992409 0.791886 -1 0.797952 
19.2504 -0.992409 0.743886 -1 0.749584 
19.2988 -0.992409 0.695885 -1 0.701216 
19.3472 -0.992409 0.647884 -1 0.652848 
19.3955 -0.992409 0.599883 -1 0.60448 
19.4439 -0.992409 0.551883 -1 0.556112 
19.4923 -0.992409 0.503882 -1 0.507745 
19.5406 -0.992409 0.455881 -1 0.459377 
19.589 -0.992409 0.407881 -1 0.411009 
19.6374 -0.992409 0.35988 -1 0.362641 
19.6857 -0.992409 0.311879 -1 0.314273 
19.7341 -0.992409 0.263878 -1 0.265905 
19.7825 -0.992409 0.215878 -1 0.217537 
19.8308 -0.992409 0.167877 -1 0.169169 
19.8792 -0.992409 0.119876 -1 0.120802 
19.9276 -0.992409 0.0718757 -1 0.0724337 
19.9759 -0.992409 0.0238749 -1 0.0240658 
20.0243 -0.992409 -0.0241258 -1 -0.0243021 
20.0727 -0.992409 -0.0721265 -1 -0.07267 
20.121 -0.992409 -0.120127 -1 -0.121038 
20.1694 -0.992409 -0.168128 -1 -0.169406 
20.2178 -0.992409 -0.216129 -1 -0.217774 
20.2661 -0.992409 -0.264129 -1 -0.266141 
20.3145 -0.992409 -0.31213 -1 -0.314509 
20.3629 -0.992409 -0.360131 -1 -0.362877 
20.4112 -0.992409 -0.408131 -1 -0.411245 
20.4596 -0.992409 -0.456132 -1 -0.459613 
20.508 -0.992409 -0.504133 -1 -0.507981 
20.5563 -0.992409 -0.552134 -1 -0.556349 
20.6047 -0.992409 -0.600134 -1 -0.604717 
20.6531 -0.992409 -0.648135 -1 -0.653085 
20.7015 -0.992409 -0.696136 -1 -0.701452 
20.7498 -0.992409 -0.744136 -1 -0.74982 
20.7982 -0.992409 -0.792137 -1 -0.798188 
20.8466 -0.992409 -0.840138 -1 -0.846556 
20.8949 -0.992409 -0.888138 -1 -0.894924 
20.9433 -0.992409 -0.936139 -1 -0.943292 
20.9917 -0.992409 -0.98414 -1 -0.99166 
21.04 -0.952355 -0.99214 -0.959972 -1 
21.0884 -0.904367 -0.99214 -0.911605 -1 
21.1368 -0.856379 -0.99214 -0.863237 -1 
21.1851 -0.808391 -0.99214 -0.814869 -1 
21.2335 -0.760404 -0.99214 -0.766501 -1 
21.2819 -0.712416 -0.99214 -0.718133 -1 
21.3302 -0.664428 -0.99214 -0.669765 -1 
21.3786 -0.616441 -0.99214 -0.621397 -1 
21.427 -0.568453 -0.99214 -0.573029 -1 
21.4753 -0.520465 -0.99214 -0.524662 -1 
21.5237 -0.472477 -0.99214 -0.476294 -1 
21.5721 -0.42449 -0.99214 -0.427926 -1 
21.6204 -0.376502 -0.99214 -0.379558 -1 
21.6688 -0.328514 -0.99214 -0.33119 -1 
21.7172 -0.280527 -0.99214 -0.282822 -1 
21.7655 -0.232539 -0.99214 -0.234454 -1 
21.8139 -0.184551 -0.99214 -0.186086 -1 
21.8623 -0.136563 -0.99214 -0.137718 -1 
21.9106 -0.0885757 -0.99214 -0.0893506 -1 
21.959 -0.040588 -0.99214 -0.0409827 -1 
22.0074 0.00739967 -0.99214 0.00738515 -1 
22.0558 0.0553874 -0.99214 0.055753 -1 
22.1041 0.103375 -0.99214 0.104121 -1 
22.1525 0.151363 -0.99214 0.152489 -1 
22.2009 0.199351 -0.99214 0.200857 -1 
22.2492 0.247338 -0.99214 0.249225 -1 
22.2976 0.295326 -0.99214 0.297592 -1 
22.346 0.343314 -0.99214 0.34596 -1 
22.3943 0.391301 -0.99214 0.394328 -1 
22.4427 0.439289 -0.99214 0.442696 -1 
22.4911 0.487277 -0.99214 0.491064 -1 
22.5394 0.535264 -0.99214 0.539432 -1 
22.5878 0.583252 -0.99214 0.5878 -1 
22.6362 0.63124 -0.99214 0.636168 -1 
22.6845 0.679228 -0.99214 0.684535 -1 
22.7329 0.727215 -0.99214 0.732903 -1 
22.7813 0.775203 -0.99214 0.781271 -1 
22.8296 0.823191 -0.99214 0.829639 -1 
22.878 0.871178 -0.99214 0.878007 -1 
22.9264 0.919166 -0.99214 0.926375 -1 
22.9747 0.967154 -0.99214 0.974743 -1 
23.0231 1.00714 -0.983957 1 -0.976889 
23.0715 1.00714 -0.935243 1 -0.928522 
23.1198 1.00714 -0.88653 1 -0.880154 
23.1682 1.00714 -0.837816 1 -0.831786 
23.2166 1.00714 -0.789103 1 -0.783418 
23.265 1.00714 -0.74039 1 -0.73505 
23.3133 1.00714 -0.691676 1 -0.686682 
23.3617 1.00714 -0.642963 1 -0.638314 
23.4101 1.00714 -0.594249 1 -0.589946 
23.4584 1.00714 -0.545536 1 -0.541578 
23.5068 1.00714 -0.496823 1 -0.493211 
23.5552 1.00714 -0.448109 1 -0.444843 
23.6035 1.00714 -0.399396 1 -0.396475 
23.6519 1.00714 -0.350682 1 -0.348107 
23.7003 1.00714 -0.301969 1 -0.299739 
23.7486 1.00714 -0.253256 1 -0.251371 
23.797 1.00714 -0.204542 1 -0.203003 
23.8454 1.00714 -0.155829 1 -0.154635 
23.8937 1.00714 -0.107115 1 -0.106268 
23.9421 1.00714 -0.058402 1 -0.0578997 
23.9905 1.00714 -0.00968864 1 -0.0095318 
24.0388 1.00714 0.0390248 1 0.0388361 
24.0872 1.00714 0.0877382 1 0.087204 
24.1356 1.00714 0.136452 1 0.135572 
24.1839 1.00714 0.185165 1 0.18394 
24.2323 1.00714 0.233878 1 0.232308 
24.2807 1.00714 0.282592 1 0.280675 
24.329 1.00714 0.331305 1 0.329043 
24.3774 1.00714 0.380019 1 0.377411 
24.4258 1.00714 0.428732 1 0.425779 
24.4741 1.00714 0.477445 1 0.474147 
24.5225 1.00714 0.526159 1 0.522515 
24.5709 1.00714 0.574872 1 0.570883 
24.6193 1.00714 0.623586 1 0.619251 
24.6676 1.00714 0.672299 1 0.667619 
24.716 1.00714 0.721012 1 0.715986 
24.7644 1.00714 0.769726 1 0.764354 
24.8127 1.00714 0.818439 1 0.812722 
24.8611 1.00714 0.867153 1 0.86109 
24.9095 1.00714 0.915866 1 0.909458 
24.9578 1.00714 0.964579 1 0.957826 
25.0062 0.998975 1.00517 0.993806 1 
25.0546 0.950357 1.00517 0.945438 1 
25.1029 0.901739 1.00517 0.897071 1 
25.1513 0.853121 1.00517 0.848703 1 
25.1997 0.804503 1.00517 0.800335 1 
25.248 0.755884 1.00517 0.751967 1 
25.2964 0.707266 1.00517 0.703599 1 
25.3448 0.658648 1.00517 0.655231 1 
25.3931 0.61003 1.00517 0.606863 1 
25.4415 0.561412 1.00517 0.558495 1 
25.4899 0.512794 1.00517 0.510128 1 
25.5382 0.464176 1.00517 0.46176 1 
25.5866 0.415558 1.00517 0.413392 1 
25.635 0.366939 1.00517 0.365024 1 
25.6833 0.318321 1.00517 0.316656 1 
25.7317 0.269703 1.00517 0.268288 1 
25.7801 0.221085 1.00517 0.21992 1 
25.8284 0.172467 1.00517 0.171552 1 
25.8768 0.123849 1.00517 0.123184 1 
25.9252 0.0752307 1.00517 0.0748166 1 
25.9736 0.0266126 1.00517 0.0264487 1 
26.0219 -0.0220056 1.00517 -0.0219191 1 
26.0703 -0.0706237 1.00517 -0.070287 1 
26.1187 -0.119242 1.00517 -0.118655 1 
26.167 -0.16786 1.00517 -0.167023 1 
26.2154 -0.216478 1.00517 -0.215391 1 
26.2638 -0.265096 1.00517 -0.263759 1 
26.3121 -0.313714 1.00517 -0.312126 1 
26.3605 -0.362332 1.00517 -0.360494 1 
26.4089 -0.410951 1.00517 -0.408862 1 
26.4572 -0.459569 1.00517 -0.45723 1 
26.5056 -0.508187 1.00517 -0.505598 1 
26.554 -0.556805 1.00517 -0.553966 1 
26.6023 -0.605423 1.00517 -0.602334 1 
26.6507 -0.654041 1.00517 -0.650702 1 
26.6991 -0.702659 1.00517 -0.699069 1 
26.7474 -0.751277 1.00517 -0.747437 1 
26.7958 -0.799896 1.00517 -0.795805 1 
26.8442 -0.848514 1.00517 -0.844173 1 
26.8925 -0.897132 1.00517 -0.892541 1 
26.9409 -0.94575 1.00517 -0.940909 1 
26.9893 -0.994368 1.00517 -0.989277 1 
27.0376 -1.00247 0.964702 -1 0.962355 
27.086 -1.00247 0.916215 -1 0.913988 
27.1344 -1.00247 0.867728 -1 0.86562 
27.1827 -1.00247 0.81924 -1 0.817252 
27.2311 -1.00247 0.770753 -1 0.768884 
27.2795 -1.00247 0.722265 -1 0.720516 
27.3279 -1.00247 0.673778 -1 0.672148 
27.3762 -1.00247 0.625291 -1 0.62378 
27.4246 -1.00247 0.576803 -1 0.575412 
27.473 -1.00247 0.528316 -1 0.527044 
27.5213 -1.00247 0.479828 -1 0.478677 
27.5697 -1.00247 0.431341 -1 0.430309 
27.6181 -1.00247 0.382854 -1 0.381941 
27.6664 -1.00247 0.334366 -1 0.333573 
27.7148 -1.00247 0.285879 -1 0.285205 
27.7632 -1.00247 0.237391 -1 0.236837 
27.8115 -1.00247 0.188904 -1 0.188469 
27.8599 -1.00247 0.140417 -1 0.140101 
27.9083 -1.00247 0.0919291 -1 0.0917336 
27.9566 -1.00247 0.0434417 -1 0.0433657 
28.005 -1.00247 -0.0050457 -1 -0.0050022 
28.0534 -1.00247 -0.0535331 -1 -0.0533701 
28.1017 -1.00247 -0.102021 -1 -0.101738 
28.1501 -1.00247 -0.150508 -1 -0.150106 
28.1985 -1.00247 -0.198995 -1 -0.198474 
28.2468 -1.00247 -0.247483 -1 -0.246842 
28.2952 -1.00247 -0.29597 -1 -0.295209 
28.3436 -1.00247 -0.344458 -1 -0.343577 
28.3919 -1.00247 -0.392945 -1 -0.391945 
28.4403 -1.00247 -0.441432 -1 -0.440313 
28.4887 -1.00247 -0.48992 -1 -0.488681 
28.537 -1.00247 -0.538407 -1 -0.537049 
28.5854 -1.00247 -0.586895 -1 -0.585417 
28.6338 -1.00247 -0.635382 -1 -0.633785 
28.6822 -1.00247 -0.683869 -1 -0.682153 
28.7305 -1.00247 -0.732357 -1 -0.73052 
28.7789 -1.00247 -0.780844 -1 -0.778888 
28.8273 -1.00247 -0.829332 -1 -0.827256 
28.8756 -1.00247 -0.877819 -1 -0.875624 
28.924 -1.00247 -0.926306 -1 -0.923992 
28.9724 -1.00247 -0.974794 -1 -0.97236 
29.0207 -0.994222 -1.0152 -0.979272 -1 
29.0691 -0.945119 -1.0152 -0.930904 -1 
29.1175 -0.896016 -1.0152 -0.882537 -1 
29.1658 -0.846913 -1.0152 -0.834169 -1 
29.2142 -0.79781 -1.0152 -0.785801 -1 
29.2626 -0.748707 -1.0152 -0.737433 -1 
29.3109 -0.699604 -1.0152 -0.689065 -1 
29.3593 -0.650501 -1.0152 -0.640697 -1 
29.4077 -0.601398 -1.0152 -0.592329 -1 
29.456 -0.552295 -1.0152 -0.543961 -1 
29.5044 -0.503191 -1.0152 -0.495594 -1 
29.5528 -0.454088 -1.0152 -0.447226 -1 
29.6011 -0.404985 -1.0152 -0.398858 -1 
29.6495 -0.355882 -1.0152 -0.35049 -1 
29.6979 -0.306779 -1.0152 -0.302122 -1 
29.7462 -0.257676 -1.0152 -0.253754 -1 
29.7946 -0.208573 -1.0152 -0.205386 -1 
29.843 -0.15947 -1.0152 -0.157018 -1 
29.8913 -0.110367 -1.0152 -0.108651 -1 
29.9397 -0.0612639 -1.0152 -0.0602826 -1 
29.9881 -0.0121608 -1.0152 -0.0119147 -1 
30.0365 0.0369423 -1.0152 0.0364531 -1 
30.0848 0.0860454 -1.0152 0.084821 -1 
30.1332 0.135148 -1.0152 0.133189 -1 
30.1816 0.184251 -1.0152 0.181557 -1 
30.2299 0.233355 -1.0152 0.229925 -1 
30.2783 0.282458 -1.0152 0.278293 -1 
30.3267 0.331561 -1.0152 0.32666 -1 
30.375 0.380664 -1.0152 0.375028 -1 
30.4234 0.429767 -1.0152 0.423396 -1 
30.4718 0.47887 -1.0152 0.471764 -1 
30.5201 0.527973 -1.0152 0.520132 -1 
30.5685 0.577076 -1.0152 0.5685 -1 
30.6169 0.626179 -1.0152 0.616868 -1 
30.6652 0.675282 -1.0152 0.665236 -1 
30.7136 0.724385 -1.0152 0.713603 -1 
30.762 0.773488 -1.0152 0.761971 -1 
30.8103 0.822591 -1.0152 0.810339 -1 
30.8587 0.871694 -1.0152 0.858707 -1 
30.9071 0.920798 -1.0152 0.907075 -1 
30.9554 0.969901 -1.0152 0.955443 -1 
31.0038 1.01082 -1.00699 1 -0.996189 
31.0522 1.01082 -0.958094 1 -0.947821 
31.1005 1.01082 -0.909203 1 -0.899454 
31.1489 1.01082 -0.860312 1 -0.851086 
31.1973 1.01082 -0.811421 1 -0.802718 
31.2457 1.01082 -0.762529 1 -0.75435 
31.294 1.01082 -0.713638 1 -0.705982 
31.3424 1.01082 -0.664747 1 -0.657614 
31.3908 1.01082 -0.615856 1 -0.609246 
31.4391 1.01082 -0.566965 1 -0.560878 
31.4875 1.01082 -0.518073 1 -0.51251 
31.5359 1.01082 -0.469182 1 -0.464143 
31.5842 1.01082 -0.420291 1 -0.415775 
31.6326 1.01082 -0.3714 1 -0.367407 
31.681 1.01082 -0.322508 1 -0.319039 
31.7293 1.01082 -0.273617 1 -0.270671 
31.7777 1.01082 -0.224726 1 -0.222303 
31.8261 1.01082 -0.175835 1 -0.173935 
31.8744 1.01082 -0.126944 1 -0.125567 
31.9228 1.01082 -0.0780524 1 -0.0771996 
31.9712 1.01082 -0.0291612 1 -0.0288317 
32.0195 1.01082 0.01973 1 0.0195362 
32.0679 1.01082 0.0686212 1 0.0679041 
32.1163 1.01082 0.117512 1 0.116272 
32.1646 1.01082 0.166404 1 0.16464 
32.213 1.01082 0.215295 1 0.213008 
32.2614 1.01082 0.264186 1 0.261376 
32.3097 1.01082 0.313077 1 0.309743 
32.3581 1.01082 0.361968 1 0.358111 
32.4065 1.01082 0.41086 1 0.406479 
32.4548 1.01082 0.459751 1 0.454847 
32.5032 1.01082 0.508642 1 0.503215 
32.5516 1.01082 0.557533 1 0.551583 
32.6 1.01082 0.606425 1 0.599951 
32.6483 1.01082 0.655316 1 0.648319 
32.6967 1.01082 0.704207 1 0.696687 
32.7451 1.01082 0.753098 1 0.745054 
32.7934 1.01082 0.801989 1 0.793422 
32.8418 1.01082 0.850881 1 0.84179 
32.8902 1.01082 0.899772 1 0.890158 
32.9385 1.01082 0.948663 1 0.938526 
32.9869 1.01082 0.997554 1 0.986894 
33.0353 0.970218 1.0057 0.964738 1 
33.0836 0.921574 1.0057 0.91637 1 
33.132 0.87293 1.0057 0.868003 1 
33.1804 0.824287 1.0057 0.819635 1 
33.2287 0.775643 1.0057 0.771267 1 
33.2771 0.726999 1.0057 0.722899 1 
33.3255 0.678355 1.0057 0.674531 1 
33.3738 0.629712 1.0057 0.626163 1 
33.4222 0.581068 1.0057 0.577795 1 
33.4706 0.532424 1.0057 0.529427 1 
33.5189 0.483781 1.0057 0.48106 1 
33.5673 0.435137 1.0057 0.432692 1 
33.6157 0.386493 1.0057 0.384324 1 
33.664 0.337849 1.0057 0.335956 1 
33.7124 0.289206 1.0057 0.287588 1 
33.7608 0.240562 1.0057 0.23922 1 
33.8091 0.191918 1.0057 0.190852 1 
33.8575 0.143275 1.0057 0.142484 1 
33.9059 0.0946309 1.0057 0.0941165 1 
33.9543 0.0459872 1.0057 0.0457486 1 
34.0026 -0.00265647 1.0057 -0.00261925 1 
34.051 -0.0513002 1.0057 -0.0509871 1 
34.0994 -0.0999439 1.0057 -0.099355 1 
34.1477 -0.148588 1.0057 -0.147723 1 
34.1961 -0.197231 1.0057 -0.196091 1 
34.2445 -0.245875 1.0057 -0.244459 1 
34.2928 -0.294519 1.0057 -0.292827 1 
34.3412 -0.343162 1.0057 -0.341194 1 
34.3896 -0.391806 1.0057 -0.389562 1 
34.4379 -0.44045 1.0057 -0.43793 1 
34.4863 -0.489094 1.0057 -0.486298 1 
34.5347 -0.537737 1.0057 -0.534666 1 
34.583 -0.586381 1.0057 -0.583034 1 
34.6314 -0.635025 1.0057 -0.631402 1 
34.6798 -0.683668 1.0057 -0.67977 1 
34.7281 -0.732312 1.0057 -0.728137 1 
34.7765 -0.780956 1.0057 -0.776505 1 
34.8249 -0.8296 1.0057 -0.824873 1 
34.8732 -0.878243 1.0057 -0.873241 1 
34.9216 -0.926887 1.0057 -0.921609 1 
34.97 -0.975531 1.0057 -0.969977 1 
35.0183 -1.01607 0.997447 -1 0.981655 
35.0667 -1.01607 0.948302 -1 0.933287 
35.1151 -1.01607 0.899157 -1 0.88492 
35.1634 -1.01607 0.850012 -1 0.836552 
35.2118 -1.01607 0.800867 -1 0.788184 
35.2602 -1.01607 0.751721 -1 0.739816 
35.3086 -1.01607 0.702576 -1 0.691448 
35.3569 -1.01607 0.653431 -1 0.64308 
35.4053 -1.01607 0.604286 -1 0.594712 
35.4537 -1.01607 0.555141 -1 0.546344 
35.502 -1.01607 0.505996 -1 0.497976 
35.5504 -1.01607 0.456851 -1 0.449609 
35.5988 -1.01607 0.407706 -1 0.401241 
35.6471 -1.01607 0.358561 -1 0.352873 
35.6955 -1.01607 0.309416 -1 0.304505 
35.7439 -1.01607 0.260271 -1 0.256137 
35.7922 -1.01607 0.211126 -1 0.207769 
35.8406 -1.01607 0.161981 -1 0.159401 
35.889 -1.01607 0.112836 -1 0.111033 
35.9373 -1.01607 0.0636914 -1 0.0626656 
35.9857 -1.01607 0.0145464 -1 0.0142977 
36.0341 -1.01607 -0.0345987 -1 -0.0340702 
36.0824 -1.01607 -0.0837437 -1 -0.0824381 
36.1308 -1.01607 -0.132889 -1 -0.130806 
36.1792 -1.01607 -0.182034 -1 -0.179174 
36.2275 -1.01607 -0.231179 -1 -0.227542 
36.2759 -1.01607 -0.280324 -1 -0.27591 
36.3243 -1.01607 -0.329469 -1 -0.324277 
36.3726 -1.01607 -0.378614 -1 -0.372645 
36.421 -1.01607 -0.427759 -1 -0.421013 
36.4694 -1.01607 -0.476904 -1 -0.469381 
36.5177 -1.01607 -0.526049 -1 -0.517749 
36.5661 -1.01607 -0.575194 -1 -0.566117 
36.6145 -1.01607 -0.624339 -1 -0.614485 
36.6629 -1.01607 -0.673484 -1 -0.662853 
36.7112 -1.01607 -0.722629 -1 -0.71122 
36.7596 -1.01607 -0.771774 -1 -0.759588 
36.808 -1.01607 -0.820919 -1 -0.807956 
36.8563 -1.01607 -0.870064 -1 -0.856324 
36.9047 -1.01607 -0.919209 -1 -0.904692 
36.9531 -1.01607 -0.968354 -1 -0.95306 
37.0014 -1.00786 -1.00931 -0.998572 -1 
37.0498 -0.959047 -1.00931 -0.950204 -1 
37.0982 -0.910229 -1.00931 -0.901836 -1 
37.1465 -0.86141 -1.00931 -0.853469 -1 
37.1949 -0.812592 -1.00931 -0.805101 -1 
37.2433 -0.763774 -1.00931 -0.756733 -1 
37.2916 -0.714956 -1.00931 -0.708365 -1 
37.34 -0.666138 -1.00931 -0.659997 -1 
37.3884 -0.61732 -1.00931 -0.611629 -1 
37.4367 -0.568502 -1.00931 -0.563261 -1 
37.4851 -0.519684 -1.00931 -0.514893 -1 
37.5335 -0.470866 -1.00931 -0.466526 -1 
37.5818 -0.422048 -1.00931 -0.418158 -1 
37.6302 -0.37323 -1.00931 -0.36979 -1 
37.6786 -0.324411 -1.00931 -0.321422 -1 
37.7269 -0.275593 -1.00931 -0.273054 -1 
37.7753 -0.226775 -1.00931 -0.224686 -1 
37.8237 -0.177957 -1.00931 -0.176318 -1 
37.872 -0.129139 -1.00931 -0.12795 -1 
37.9204 -0.080321 -1.00931 -0.0795825 -1 
37.9688 -0.0315029 -1.00931 -0.0312146 -1 
38.0172 0.0173152 -1.00931 0.0171532 -1 
38.0655 0.0661332 -1.00931 0.0655211 -1 
38.1139 0.114951 -1.00931 0.113889 -1 
38.1623 0.163769 -1.00931 0.162257 -1 
38.2106 0.212588 -1.00931 0.210625 -1 
38.259 0.261406 -1.00931 0.258993 -1 
38.3074 0.310224 -1.00931 0.307361 -1 
38.3557 0.359042 -1.00931 0.355728 -1 
38.4041 0.40786 -1.00931 0.404096 -1 
38.4525 0.456678 -1.00931 0.452464 -1 
38.5008 0.505496 -1.00931 0.500832 -1 
38.5492 0.554314 -1.00931 0.5492 -1 
38.5976 0.603132 -1.00931 0.597568 -1 
38.6459 0.65195 -1.00931 0.645936 -1 
38.6943 0.700768 -1.00931 0.694304 -1 
38.7427 0.749586 -1.00931 0.742671 -1 
38.791 0.798405 -1.00931 0.791039 -1 
38.8394 0.847223 -1.00931 0.839407 -1 
38.8878 0.896041 -1.00931 0.887775 -1 
38.9361 0.944859 -1.00931 0.936143 -1 
38.9845 0.993677 -1.00931 0.984511 -1 
39.0329 1.00181 -0.968863 1 -0.967121 
39.0812 1.00181 -0.920407 1 -0.918753 
39.1296 1.00181 -0.871952 1 -0.870386 
39.178 1.00181 -0.823496 1 -0.822018 
39.2264 1.00181 -0.77504 1 -0.77365 
39.2747 1.00181 -0.726585 1 -0.725282 
39.3231 1.00181 -0.678129 1 -0.676914 
39.3715 1.00181 -0.629674 1 -0.628546 
39.4198 1.00181 -0.581218 1 -0.580178 
39.4682 1.00181 -0.532763 1 -0.53181 
39.5166 1.00181 -0.484307 1 -0.483442 
39.5649 1.00181 -0.435851 1 -0.435075 
39.6133 1.00181 -0.387396 1 -0.386707 
39.6617 1.00181 -0.33894 1 -0.338339 
39.71 1.00181 -0.290485 1 -0.289971 
39.7584 1.00181 -0.242029 1 -0.241603 
39.8068 1.00181 -0.193573 1 -0.193235 
39.8551 1.00181 -0.145118 1 -0.144867 
39.9035 1.00181 -0.0966623 1 -0.0964995 
39.9519 1.00181 -0.0482067 1 -0.0481316 
40.0002 1.00181 0.000248904 1 0.000236298 
40.0486 1.00181 0.0487045 1 0.0486042 
40.097 1.00181 0.0971601 1 0.0969721 
40.1453 1.00181 0.145616 1 0.14534 
40.1937 1.00181 0.194071 1 0.193708 
40.2421 1.00181 0.242527 1 0.242076 
40.2904 1.00181 0.290982 1 0.290444 
40.3388 1.00181 0.339438 1 0.338811 
40.3872 1.00181 0.387894 1 0.387179 
40.4355 1.00181 0.436349 1 0.435547 
40.4839 1.00181 0.484805 1 0.483915 
40.5323 1.00181 0.53326 1 0.532283 
40.5807 1.00181 0.581716 1 0.580651 
40.629 1.00181 0.630171 1 0.629019 
40.6774 1.00181 0.678627 1 0.677387 
40.7258 1.00181 0.727083 1 0.725754 
40.7741 1.00181 0.775538 1 0.774122 
40.8225 1.00181 0.823994 1 0.82249 
40.8709 1.00181 0.872449 1 0.870858 
40.9192 1.00181 0.920905 1 0.919226 
40.9676 1.00181 0.969361 1 0.967594 
41.016 0.993608 1.00974 0.984038 1 
41.0643 0.944769 1.00974 0.93567 1 
41.1127 0.89593 1.00974 0.887302 1 
41.1611 0.847091 1.00974 0.838935 1 
41.2094 0.798252 1.00974 0.790567 1 
41.2578 0.749413 1.00974 0.742199 1 
41.3062 0.700574 1.00974 0.693831 1 
41.3545 0.651735 1.00974 0.645463 1 
41.4029 0.602896 1.00974 0.597095 1 
41.4513 0.554057 1.00974 0.548727 1 
41.4996 0.505218 1.00974 0.500359 1 
41.548 0.456379 1.00974 0.451992 1 
41.5964 0.40754 1.00974 0.403624 1 
41.6447 0.358701 1.00974 0.355256 1 
41.6931 0.309862 1.00974 0.306888 1 
41.7415 0.261023 1.00974 0.25852 1 
41.7898 0.212184 1.00974 0.210152 1 
41.8382 0.163345 1.00974 0.161784 1 
41.8866 0.114506 1.00974 0.113416 1 
41.935 0.0656675 1.00974 0.0650485 1 
41.9833 0.0168285 1.00974 0.0166806 1 
42.0317 -0.0320105 1.00974 -0.0316872 1 
42.0801 -0.0808495 1.00974 -0.0800551 1 
42.1284 -0.129689 1.00974 -0.128423 1 
42.1768 -0.178528 1.00974 -0.176791 1 
42.2252 -0.227367 1.00974 -0.225159 1 
42.2735 -0.276205 1.00974 -0.273527 1 
42.3219 -0.325044 1.00974 -0.321895 1 
42.3703 -0.373883 1.00974 -0.370262 1 
42.4186 -0.422722 1.00974 -0.41863 1 
42.467 -0.471561 1.00974 -0.466998 1 
42.5154 -0.5204 1.00974 -0.515366 1 
42.5637 -0.569239 1.00974 -0.563734 1 
42.6121 -0.618078 1.00974 -0.612102 1 
42.6605 -0.666917 1.00974 -0.66047 1 
42.7088 -0.715756 1.00974 -0.708838 1 
42.7572 -0.764595 1.00974 -0.757205 1 
42.8056 -0.813434 1.00974 -0.805573 1 
42.8539 -0.862273 1.00974 -0.853941 1 
42.9023 -0.911112 1.00974 -0.902309 1 
42.9507 -0.959951 1.00974 -0.950677 1 
42.999 -1.00879 1.00974 -0.999045 1 
43.0474 -1.01693 0.968686 -1 0.952587 
43.0958 -1.01693 0.919499 -1 0.904219 
43.1441 -1.01693 0.870312 -1 0.855852 
43.1925 -1.01693 0.821125 -1 0.807484 
43.2409 -1.01693 0.771939 -1 0.759116 
43.2893 -1.01693 0.722752 -1 0.710748 
43.3376 -1.01693 0.673565 -1 0.66238 
43.386 -1.01693 0.624378 -1 0.614012 
43.4344 -1.01693 0.575192 -1 0.565644 
43.4827 -1.01693 0.526005 -1 0.517276 
43.5311 -1.01693 0.476818 -1 0.468909 
43.5795 -1.01693 0.427631 -1 0.420541 
43.6278 -1.01693 0.378445 -1 0.372173 
43.6762 -1.01693 0.329258 -1 0.323805 
43.7246 -1.01693 0.280071 -1 0.275437 
43.7729 -1.01693 0.230884 -1 0.227069 
43.8213 -1.01693 0.181698 -1 0.178701 
43.8697 -1.01693 0.132511 -1 0.130333 
43.918 -1.01693 0.083324 -1 0.0819655 
43.9664 -1.01693 0.0341372 -1 0.0335976 
44.0148 -1.01693 -0.0150495 -1 -0.0147703 
44.0631 -1.01693 -0.0642363 -1 -0.0631382 
44.1115 -1.01693 -0.113423 -1 -0.111506 
44.1599 -1.01693 -0.16261 -1 -0.159874 
44.2082 -1.01693 -0.211797 -1 -0.208242 
44.2566 -1.01693 -0.260983 -1 -0.25661 
44.305 -1.01693 -0.31017 -1 -0.304978 
44.3533 -1.01693 -0.359357 -1 -0.353345 
44.4017 -1.01693 -0.408544 -1 -0.401713 
44.4501 -1.01693 -0.45773 -1 -0.450081 
44.4984 -1.01693 -0.506917 -1 -0.498449 
44.5468 -1.01693 -0.556104 -1 -0.546817 
44.5952 -1.01693 -0.605291 -1 -0.595185 
44.6436 -1.01693 -0.654477 -1 -0.643553 
44.6919 -1.01693 -0.703664 -1 -0.691921 
44.7403 -1.01693 -0.752851 -1 -0.740288 
44.7887 -1.01693 -0.802038 -1 -0.788656 
44.837 -1.01693 -0.851224 -1 -0.837024 
44.8854 -1.01693 -0.900411 -1 -0.885392 
44.9338 -1.01693 -0.949598 -1 -0.93376 
44.9821 -1.01693 -0.998785 -1 -0.982128 
45.0305 -0.976276 -1.00698 -0.969504 -1 
45.0789 -0.927571 -1.00698 -0.921136 -1 
45.1272 -0.878865 -1.00698 -0.872768 -1 
45.1756 -0.830159 -1.00698 -0.824401 -1 
45.224 -0.781454 -1.00698 -0.776033 -1 
45.2723 -0.732748 -1.00698 -0.727665 -1 
45.3207 -0.684042 -1.00698 -0.679297 -1 
45.3691 -0.635337 -1.00698 -0.630929 -1 
45.4174 -0.586631 -1.00698 -0.582561 -1 
45.4658 -0.537926 -1.00698 -0.534193 -1 
45.5142 -0.48922 -1.00698 -0.485825 -1 
45.5625 -0.440514 -1.00698 -0.437458 -1 
45.6109 -0.391809 -1.00698 -0.38909 -1 
45.6593 -0.343103 -1.00698 -0.340722 -1 
45.7076 -0.294398 -1.00698 -0.292354 -1 
45.756 -0.245692 -1.00698 -0.243986 -1 
45.8044 -0.196986 -1.00698 -0.195618 -1 
45.8527 -0.148281 -1.00698 -0.14725 -1 
45.9011 -0.0995752 -1.00698 -0.0988824 -1 
45.9495 -0.0508696 -1.00698 -0.0505145 -1 
45.9979 -0.00216397 -1.00698 -0.00214665 -1 
46.0462 0.0465416 -1.00698 0.0462212 -1 
46.0946 0.0952472 -1.00698 0.0945891 -1 
46.143 0.143953 -1.00698 0.142957 -1 
46.1913 0.192658 -1.00698 0.191325 -1 
46.2397 0.241364 -1.00698 0.239693 -1 
46.2881 0.29007 -1.00698 0.288061 -1 
46.3364 0.338775 -1.00698 0.336429 -1 
46.3848 0.387481 -1.00698 0.384796 -1 
46.4332 0.436187 -1.00698 0.433164 -1 
46.4815 0.484892 -1.00698 0.481532 -1 
46.5299 0.533598 -1.00698 0.5299 -1 
46.5783 0.582303 -1.00698 0.578268 -1 
46.6266 0.631009 -1.00698 0.626636 -1 
46.675 0.679715 -1.00698 0.675004 -1 
46.7234 0.72842 -1.00698 0.723372 -1 
46.7717 0.777126 -1.00698 0.771739 -1 
46.8201 0.825831 -1.00698 0.820107 -1 
46.8685 0.874537 -1.00698 0.868475 -1 
46.9168 0.923243 -1.00698 0.916843 -1 
46.9652 0.971948 -1.00698 0.965211 -1 
47.0136 1.01254 -0.998755 1 -0.986421 
47.0619 1.01254 -0.94978 1 -0.938053 
47.1103 1.01254 -0.900806 1 -0.889685 
47.1587 1.01254 -0.851832 1 -0.841318 
47.2071 1.01254 -0.802858 1 -0.79295 
47.2554 1.01254 -0.753884 1 -0.744582 
47.3038 1.01254 -0.704909 1 -0.696214 
47.3522 1.01254 -0.655935 1 -0.647846 
47.4005 1.01254 -0.606961 1 -0.599478 
47.4489 1.01254 -0.557987 1 -0.55111 
47.4973 1.01254 -0.509012 1 -0.502742 
47.5456 1.01254 -0.460038 1 -0.454375 
47.594 1.01254 -0.411064 1 -0.406007 
47.6424 1.01254 -0.36209 1 -0.357639 
47.6907 1.01254 -0.313115 1 -0.309271 
47.7391 1.01254 -0.264141 1 -0.260903 
47.7875 1.01254 -0.215167 1 -0.212535 
47.8358 1.01254 -0.166193 1 -0.164167 
47.8842 1.01254 -0.117219 1 -0.115799 
47.9326 1.01254 -0.0682443 1 -0.0674315 
47.9809 1.01254 -0.0192701 1 -0.0190636 
48.0293 1.01254 0.0297041 1 0.0293043 
48.0777 1.01254 0.0786783 1 0.0776722 
48.126 1.01254 0.127653 1 0.12604 
48.1744 1.01254 0.176627 1 0.174408 
48.2228 1.01254 0.225601 1 0.222776 
48.2711 1.01254 0.274575 1 0.271144 
48.3195 1.01254 0.323549 1 0.319512 
48.3679 1.01254 0.372524 1 0.367879 


0 1 0 1 0 
0.01 1 0.01 1 0.01 
0.04 1 0.04 1 0.04 
0.13 1 0.13 1 0.13 
0.4 1 0.4 1 0.4 
0.67 1 0.67 1 0.67 
0.94 1 0.94 1 0.94 
0.97 1 0.97 1 0.97 
1 1 1 1 1 
1.00002 0.999981 1 0.999978 1 
1.00004 0.999961 1 0.999958 1 
1.0001 0.999901 1 0.999898 1 
1.00028 0.999721 1 0.999718 1 
1.00082 0.999181 1 0.999178 1 
1.00244 0.99756 1 0.997557 1 
1.00731 0.992697 1 0.992694 1 
1.02189 0.978108 1 0.978105 1 
1.06566 0.934342 1 0.934339 1 
1.19696 0.803043 1 0.803041 1 
1.59085 0.409148 1 0.409147 1 
2.77253 -0.772537 1 -0.772535 1 
2.90383 -0.903835 1 -0.903833 1 
2.9476 -0.947602 1 -0.947599 1 
2.99136 -0.991368 1 -0.991365 1 
2.99623 -0.996231 1 -0.996228 1 
2.99785 -0.997852 1 -0.997849 1 
2.99947 -0.999473 1 -0.99947 1 
2.99969 -0.999696 1 -0.999693 1 
2.99992 -0.999919 1 -0.999916 1 
2.99998 -0.999983 1 -0.999981 1 
3 -1 1 -1 0.999998 
3.00002 -1 0.99998 -1 0.999979 
3.00008 -1 0.999922 -1 0.99992 
3.00026 -1 0.999745 -1 0.999743 
3.00079 -1 0.999216 -1 0.999214 
3.00237 -1 0.997629 -1 0.997627 
3.00714 -1 0.992866 -1 0.992864 
3.02142 -1 0.978578 -1 0.978577 
3.06429 -1 0.935716 -1 0.935714 
3.19287 -1 0.807127 -1 0.807125 
3.57864 -1 0.421361 -1 0.421361 
4.73593 -1 -0.735936 -1 -0.735934 
4.86452 -1 -0.864524 -1 -0.864523 
4.99311 -1 -0.993113 -1 -0.993111 
4.99787 -1 -0.997875 -1 -0.997874 
4.99946 -1 -0.999463 -1 -0.999461 
4.99999 -1 -0.999992 -1 -0.99999 
5 -1 -1 -0.999997 -1 
5.00002 -0.999987 -1 -0.999983 -1 
5.00006 -0.999946 -1 -0.999943 -1 
5.00018 -0.999824 -1 -0.999821 -1 
5.00054 -0.999459 -1 -0.999456 -1 
5.00164 -0.998364 -1 -0.99836 -1 
5.00493 -0.995077 -1 -0.995074 -1 
5.01479 -0.985218 -1 -0.985214 -1 
5.04436 -0.955639 -1 -0.955636 -1 
5.1331 -0.866903 -1 -0.8669 -1 
5.39931 -0.600695 -1 -0.600693 -1 
6.19793 0.197929 -1 0.197928 -1 
6.99655 0.996553 -1 0.996549 -1 
6.99984 0.999839 -1 0.999836 -1 
6.99998 0.999983 -1 0.99998 -1 
7 1 -1 1 -0.999998 
7.00002 1 -0.99998 1 -0.999978 
7.00008 1 -0.999919 1 -0.999916 
7.00027 1 -0.999736 1 -0.999733 
7.00082 1 -0.999185 1 -0.999182 
7.00247 1 -0.997533 1 -0.997531 
7.00742 1 -0.992579 1 -0.992576 
7.02229 1 -0.977714 1 -0.977711 
7.06688 1 -0.93312 1 -0.933117 
7.20066 1 -0.799338 1 -0.799336 
7.60201 1 -0.397992 1 -0.397991 
8.80604 1 0.806044 1 0.806042 
8.93982 1 0.939826 1 0.939824 
8.98442 1 0.98442 1 0.984418 
8.99928 1 0.999285 1 0.999282 
8.99983 1 0.999835 1 0.999833 
8.99995 1 0.999952 1 0.999949 
9 1 1 1 0.999998 
9.00002 0.999982 1 0.999979 1 
9.00004 0.999961 1 0.999957 1 
9.00011 0.999897 1 0.999894 1 
9.0003 0.999706 1 0.999703 1 
9.00087 0.999134 1 0.99913 1 
9.00259 0.997415 1 0.997412 1 
9.00774 0.992261 1 0.992257 1 
9.02321 0.976797 1 0.976793 1 
9.0696 0.930405 1 0.930401 1 
9.20877 0.791228 1 0.791225 1 
9.6263 0.373699 1 0.373697 1 
10.8789 -0.878889 1 -0.878886 1 
10.9253 -0.925281 1 -0.925278 1 
10.9717 -0.971674 1 -0.97167 1 
10.9871 -0.987138 1 -0.987134 1 
10.9923 -0.992292 1 -0.992289 1 
10.9974 -0.997447 1 -0.997443 1 
10.9992 -0.999165 1 -0.999162 1 
10.9997 -0.999738 1 -0.999734 1 
10.9999 -0.999934 1 -0.999931 1 
11 -0.999995 1 -0.999992 1 
11 -1 1 -1 0.999997 
11 -1 0.99999 -1 0.999985 
11.0001 -1 0.999953 -1 0.999948 
11.0002 -1 0.999843 -1 0.999838 
11.0005 -1 0.999512 -1 0.999508 
11.0015 -1 0.998521 -1 0.998516 
11.0045 -1 0.995546 -1 0.995541 
11.0134 -1 0.986622 -1 0.986617 
11.0402 -1 0.95985 -1 0.959845 
11.1205 -1 0.879532 -1 0.879528 
11.3614 -1 0.63858 -1 0.638577 
12.0843 -1 -0.0842766 -1 -0.0842762 
12.8071 -1 -0.807133 -1 -0.807129 
12.8874 -1 -0.887451 -1 -0.887446 
12.9678 -1 -0.967768 -1 -0.967763 
12.9945 -1 -0.99454 -1 -0.994536 
12.9975 -1 -0.997515 -1 -0.99751 
12.9985 -1 -0.998507 -1 -0.998502 
12.9995 -1 -0.999498 -1 -0.999493 
12.9998 -1 -0.999829 -1 -0.999824 
13 -1 -0.999965 -1 -0.99996 
13 -1 -1 -1 -0.999999 
13 -0.999985 -1.00001 -0.999979 -1 
13 -0.999965 -1.00001 -0.999958 -1 
13.0001 -0.999903 -1.00001 -0.999896 -1 
13.0003 -0.999718 -1.00001 -0.999711 -1 
13.0008 -0.999163 -1.00001 -0.999156 -1 
13.0025 -0.997497 -1.00001 -0.997491 -1 
13.0075 -0.992501 -1.00001 -0.992494 -1 
13.0225 -0.977511 -1.00001 -0.977505 -1 
13.0675 -0.932543 -1.00001 -0.932537 -1 
13.2024 -0.797638 -1.00001 -0.797633 -1 
13.6071 -0.392923 -1.00001 -0.39292 -1 
14.8212 0.821222 -1.00001 0.821217 -1 
14.9561 0.956127 -1.00001 0.956121 -1 
14.9711 0.971116 -1.00001 0.97111 -1 
14.9861 0.986106 -1.00001 0.986099 -1 
14.9911 0.991102 -1.00001 0.991096 -1 
14.9961 0.996099 -1.00001 0.996092 -1 
14.9978 0.997764 -1.00001 0.997758 -1 
14.9994 0.99943 -1.00001 0.999423 -1 
15 0.999985 -1.00001 0.999978 -1 
15 1.00001 -1 1 -0.999999 
15 1.00001 -0.999983 1 -0.999978 
15.0001 1.00001 -0.99992 1 -0.999915 
15.0003 1.00001 -0.999732 1 -0.999727 
15.0008 1.00001 -0.999167 1 -0.999162 
15.0025 1.00001 -0.997474 1 -0.997469 
15.0076 1.00001 -0.992393 1 -0.992388 
15.0229 1.00001 -0.97715 1 -0.977145 
15.0686 1.00001 -0.931422 1 -0.931417 
15.2058 1.00001 -0.794236 1 -0.794232 
15.6173 1.00001 -0.382681 1 -0.382679 
16.852 1.00001 0.851986 1 0.851982 
16.9892 1.00001 0.989171 1 0.989166 
16.9942 1.00001 0.994252 1 0.994247 
16.9993 1.00001 0.999333 1 0.999328 
16.9999 1.00001 0.999898 1 0.999893 
17 1.00001 0.999997 1 0.999992 
17 1 1.00001 0.999996 1 
17 0.99999 1.00001 0.999983 1 
17.0001 0.999951 1.00001 0.999943 1 
17.0002 0.999832 1.00001 0.999824 1 
17.0005 0.999476 1.00001 0.999468 1 
17.0016 0.998406 1.00001 0.998399 1 
17.0048 0.995199 1.00001 0.995191 1 
17.0144 0.985576 1.00001 0.985569 1 
17.0433 0.956708 1.00001 0.956701 1 
17.1299 0.870105 1.00001 0.870098 1 
17.3897 0.610294 1.00001 0.610289 1 
18.1691 -0.169138 1.00001 -0.169136 1 
18.9486 -0.94857 1.00001 -0.948562 1 
18.9774 -0.977438 1.00001 -0.97743 1 
18.9871 -0.98706 1.00001 -0.987053 1 
18.9967 -0.996683 1.00001 -0.996675 1 
18.9999 -0.99989 1.00001 -0.999883 1 
19 -0.999984 1.00001 -0.999976 1 
19 -1.00001 1.00001 -1 1 
19 -1.00001 0.999988 -1 0.999978 
19 -1.00001 0.999967 -1 0.999957 
19.0001 -1.00001 0.999906 -1 0.999895 
19.0003 -1.00001 0.99972 -1 0.99971 
19.0008 -1.00001 0.999163 -1 0.999153 
19.0025 -1.00001 0.997494 -1 0.997483 
19.0075 -1.00001 0.992484 -1 0.992474 
19.0226 -1.00001 0.977457 -1 0.977447 
19.0676 -1.00001 0.932374 -1 0.932364 
19.2029 -1.00001 0.797125 -1 0.797116 
19.6086 -1.00001 0.391377 -1 0.391373 
20.8259 -1.00001 -0.825864 -1 -0.825856 
20.9611 -1.00001 -0.961113 -1 -0.961103 
20.9761 -1.00001 -0.976141 -1 -0.976131 
20.9912 -1.00001 -0.991169 -1 -0.991158 
20.9962 -1.00001 -0.996178 -1 -0.996168 
20.9978 -1.00001 -0.997848 -1 -0.997837 
20.9995 -1.00001 -0.999518 -1 -0.999507 
20.9997 -1.00001 -0.999746 -1 -0.999735 
21 -1.00001 -0.999974 -1 -0.999964 
21 -1.00001 -1.00001 -1 -0.999998 
21 -0.999991 -1.00001 -0.999981 -1 
21 -0.999971 -1.00001 -0.99996 -1 
21.0001 -0.99991 -1.00001 -0.9999 -1 
21.0003 -0.999729 -1.00001 -0.999718 -1 
21.0008 -0.999183 -1.00001 -0.999173 -1 
21.0025 -0.997548 -1.00001 -0.997537 -1 
21.0074 -0.99264 -1.00001 -0.99263 -1 
21.0221 -0.977918 -1.00001 -0.977908 -1 
21.0663 -0.933752 -1.00001 -0.933742 -1 
21.1988 -0.801254 -1.00001 -0.801246 -1 
21.5962 -0.40376 -1.00001 -0.403756 -1 
22.7887 0.788722 -1.00001 0.788713 -1 
22.9212 0.921219 -1.00001 0.92121 -1 
22.9654 0.965385 -1.00001 0.965375 -1 
22.9801 0.980107 -1.00001 0.980097 -1 
22.9948 0.994829 -1.00001 0.994819 -1 
22.9997 0.999737 -1.00001 0.999726 -1 
22.9999 0.999926 -1.00001 0.999915 -1 
23 0.999989 -1.00001 0.999978 -1 
23 1.00001 -1.00001 1 -0.999999 
23 1.00001 -0.999987 1 -0.999979 
23.0001 1.00001 -0.999925 1 -0.999917 
23.0003 1.00001 -0.999739 1 -0.999731 
23.0008 1.00001 -0.999182 1 -0.999174 
23.0025 1.00001 -0.99751 1 -0.997501 
23.0075 1.00001 -0.992493 1 -0.992484 
23.0226 1.00001 -0.977441 1 -0.977433 
23.0677 1.00001 -0.932288 1 -0.93228 
23.2032 1.00001 -0.796827 1 -0.79682 
23.6096 1.00001 -0.390445 1 -0.390442 
24.8287 1.00001 0.828702 1 0.828695 
24.9642 1.00001 0.964162 1 0.964154 
24.9792 1.00001 0.979214 1 0.979205 
24.9943 1.00001 0.994265 1 0.994257 
24.9993 1.00001 0.999282 1 0.999274 
24.9998 1.00001 0.999839 1 0.999831 
24.9999 1.00001 0.999956 1 0.999948 
25 1.00001 1.00001 1 0.999997 
25 0.999988 1.00001 0.999979 1 
25 0.999967 1.00001 0.999958 1 
25.0001 0.999903 1.00001 0.999895 1 
25.0003 0.999712 1.00001 0.999704 1 
25.0009 0.999139 1.00001 0.999131 1 
25.0026 0.99742 1.00001 0.997412 1 
25.0077 0.992263 1.00001 0.992255 1 
25.0232 0.976793 1.00001 0.976785 1 
25.0696 0.930383 1.00001 0.930375 1 
25.2089 0.791151 1.00001 0.791145 1 
25.6265 0.373457 1.00001 0.373454 1 
26.8796 -0.879625 1.00001 -0.879618 1 
26.926 -0.926036 1.00001 -0.926028 1 
26.9724 -0.972446 1.00001 -0.972438 1 
26.9879 -0.987916 1.00001 -0.987908 1 
26.9931 -0.993073 1.00001 -0.993065 1 
26.9982 -0.99823 1.00001 -0.998222 1 
26.9999 -0.999949 1.00001 -0.99994 1 
27 -0.999992 1.00001 -0.999984 1 
27 -1.00001 1.00001 -1 0.999997 
27 -1.00001 0.999988 -1 0.999979 
27.0001 -1.00001 0.999933 -1 0.999924 
27.0002 -1.00001 0.999769 -1 0.99976 
27.0007 -1.00001 0.999276 -1 0.999267 
27.0022 -1.00001 0.997798 -1 0.997789 
27.0066 -1.00001 0.993364 -1 0.993356 
27.0199 -1.00001 0.980062 -1 0.980054 
27.0599 -1.00001 0.940156 -1 0.940148 
27.1796 -1.00001 0.820439 -1 0.820432 
27.5387 -1.00001 0.461286 -1 0.461282 
28.6162 -1.00001 -0.616172 -1 -0.616166 
28.9753 -1.00001 -0.975324 -1 -0.975316 
28.9886 -1.00001 -0.988626 -1 -0.988618 
28.9931 -1.00001 -0.99306 -1 -0.993052 
28.9975 -1.00001 -0.997494 -1 -0.997486 
28.999 -1.00001 -0.998972 -1 -0.998964 
28.9995 -1.00001 -0.999465 -1 -0.999456 
28.9999 -1.00001 -0.999958 -1 -0.999949 
29 -1.00001 -0.999999 -1 -0.99999 
29 -1.00001 -1.00001 -0.999997 -1 
29 -0.999993 -1.00001 -0.999983 -1 
29.0001 -0.999953 -1.00001 -0.999943 -1 
29.0002 -0.99983 -1.00001 -0.99982 -1 
29.0005 -0.999463 -1.00001 -0.999453 -1 
29.0016 -0.998361 -1.00001 -0.998351 -1 
29.005 -0.995054 -1.00001 -0.995044 -1 
29.0149 -0.985134 -1.00001 -0.985124 -1 
29.0446 -0.955375 -1.00001 -0.955365 -1 
29.1339 -0.866097 -1.00001 -0.866088 -1 
29.4017 -0.598264 -1.00001 -0.598258 -1 
30.2052 0.205237 -1.00001 0.205235 -1 
30.4731 0.47307 -1.00001 0.473066 -1 
30.7409 0.740904 -1.00001 0.740897 -1 
30.8302 0.830182 -1.00001 0.830174 -1 
30.9195 0.91946 -1.00001 0.919451 -1 
30.9492 0.949219 -1.00001 0.949209 -1 
30.979 0.978978 -1.00001 0.978968 -1 
30.9889 0.988898 -1.00001 0.988888 -1 
30.9988 0.998818 -1.00001 0.998808 -1 
30.9999 0.99992 -1.00001 0.99991 -1 
31 0.999999 -1.00001 0.999989 -1 
31 1.00001 -1.00001 1 -0.999997 
31 1.00001 -0.999994 1 -0.999982 
31.0001 1.00001 -0.999951 1 -0.999939 
31.0002 1.00001 -0.999822 1 -0.999811 
31.0006 1.00001 -0.999436 1 -0.999425 
31.0017 1.00001 -0.998278 1 -0.998267 
31.0052 1.00001 -0.994804 1 -0.994792 
31.0156 1.00001 -0.98438 1 -0.984369 
31.0469 1.00001 -0.95311 1 -0.953099 
31.1407 1.00001 -0.859299 1 -0.859289 
31.4221 1.00001 -0.577867 1 -0.57786 
32.2664 1.00001 0.266431 1 0.266428 
32.5479 1.00001 0.547863 1 0.547857 
32.8293 1.00001 0.829296 1 0.829286 
32.9231 1.00001 0.923106 1 0.923096 
32.9544 1.00001 0.954377 1 0.954366 
32.9856 1.00001 0.985647 1 0.985636 
32.9961 1.00001 0.99607 1 0.996059 
32.9995 1.00001 0.999545 1 0.999533 
32.9999 1.00001 0.999931 1 0.999919 
33 1.00001 0.999985 1 0.999973 
33 1.00001 1.00001 1 0.999998 
33 0.999992 1.00001 0.999979 1 
33 0.999971 1.00001 0.999958 1 
33.0001 0.999909 1.00001 0.999896 1 
33.0003 0.999722 1.00001 0.999709 1 
33.0009 0.999161 1.00001 0.999149 1 
33.0025 0.997479 1.00001 0.997467 1 
33.0076 0.992434 1.00001 0.992422 1 
33.0227 0.977298 1.00001 0.977286 1 
33.0681 0.93189 1.00001 0.931879 1 
33.2043 0.795667 1.00001 0.795657 1 
33.613 0.386997 1.00001 0.386992 1 
34.839 -0.839014 1.00001 -0.839003 1 
34.9752 -0.975237 1.00001 -0.975225 1 
34.9904 -0.990373 1.00001 -0.990361 1 
34.9954 -0.995419 1.00001 -0.995406 1 
34.9971 -0.9971 1.00001 -0.997088 1 
34.9988 -0.998782 1.00001 -0.99877 1 
34.9993 -0.999343 1.00001 -0.99933 1 
34.9999 -0.999903 1.00001 -0.999891 1 
35 -1 1.00001 -0.99999 1 
35 -1.00001 1.00001 -1 0.999997 
35 -1.00001 0.999997 -1 0.999983 
35.0001 -1.00001 0.999956 -1 0.999942 
35.0002 -1.00001 0.999832 -1 0.999818 
35.0006 -1.00001 0.999461 -1 0.999447 
35.0017 -1.00001 0.998347 -1 0.998333 
35.005 -1.00001 0.995004 -1 0.994991 
35.015 -1.00001 0.984977 -1 0.984964 
35.0451 -1.00001 0.954897 -1 0.954884 
35.1354 -1.00001 0.864655 -1 0.864643 
35.4061 -1.00001 0.59393 -1 0.593922 
36.2182 -1.00001 -0.218245 -1 -0.218242 
36.489 -1.00001 -0.48897 -1 -0.488964 
36.7597 -1.00001 -0.759695 -1 -0.759685 
36.8499 -1.00001 -0.849937 -1 -0.849926 
36.9402 -1.00001 -0.940179 -1 -0.940166 
36.9702 -1.00001 -0.970259 -1 -0.970246 
36.9803 -1.00001 -0.980286 -1 -0.980273 
36.9903 -1.00001 -0.990313 -1 -0.9903 
36.9936 -1.00001 -0.993655 -1 -0.993642 
36.997 -1.00001 -0.996998 -1 -0.996984 
36.9981 -1.00001 -0.998112 -1 -0.998098 
36.9992 -1.00001 -0.999226 -1 -0.999212 
36.9996 -1.00001 -0.99961 -1 -0.999596 
37 -1.00001 -0.999994 -1 -0.999981 
37 -1.00001 -1.00001 -0.999997 -1 
37 -0.999991 -1.00001 -0.999977 -1 
37.0001 -0.99993 -1.00001 -0.999917 -1 
37.0003 -0.999748 -1.00001 -0.999735 -1 
37.0008 -0.999203 -1.00001 -0.999189 -1 
37.0024 -0.997566 -1.00001 -0.997553 -1 
37.0074 -0.992657 -1.00001 -0.992643 -1 
37.0221 -0.977928 -1.00001 -0.977915 -1 
37.0663 -0.933743 -1.00001 -0.93373 -1 
37.1988 -0.801186 -1.00001 -0.801175 -1 
37.5965 -0.403516 -1.00001 -0.40351 -1 
38.7895 0.789495 -1.00001 0.789484 -1 
38.922 0.922052 -1.00001 0.922039 -1 
38.9662 0.966237 -1.00001 0.966224 -1 
38.981 0.980966 -1.00001 0.980953 -1 
38.9957 0.995694 -1.00001 0.995681 -1 
38.9973 0.997331 -1.00001 0.997317 -1 
38.999 0.998967 -1.00001 0.998954 -1 
38.9995 0.999513 -1.00001 0.999499 -1 
38.9997 0.999737 -1.00001 0.999724 -1 
38.9999 0.999962 -1.00001 0.999949 -1 
39 1.00001 -1.00001 0.999994 -1 
39 1.00001 -0.999993 1 -0.999982 
39 1.00001 -0.999972 1 -0.999961 
39.0001 1.00001 -0.999909 1 -0.999898 
39.0003 1.00001 -0.99972 1 -0.999709 
39.0009 1.00001 -0.999153 1 -0.999142 
39.0026 1.00001 -0.997452 1 -0.997441 
39.0077 1.00001 -0.992348 1 -0.992338 
39.023 1.00001 -0.977038 1 -0.977027 
39.0689 1.00001 -0.931106 1 -0.931096 
39.2067 1.00001 -0.793312 1 -0.793303 
39.6201 1.00001 -0.379928 1 -0.379924 
40.8602 1.00001 0.860223 1 0.860214 
40.998 1.00001 0.998018 1 0.998007 
40.9997 1.00001 0.999719 1 0.999709 
40.9999 1.00001 0.999914 1 0.999903 
41 1.00001 0.999977 1 0.999967 
41 1.00001 1.00001 1 0.999997 
41 0.99999 1.00001 0.999979 1 
41 0.999968 1.00001 0.999957 1 
41.0001 0.999904 1.00001 0.999893 1 
41.0003 0.99971 1.00001 0.999699 1 
41.0009 0.999129 1.00001 0.999118 1 
41.0026 0.997385 1.00001 0.997374 1 
41.0079 0.992153 1.00001 0.992142 1 
41.0236 0.976458 1.00001 0.976448 1 
41.0706 0.929374 1.00001 0.929364 1 
41.2119 0.78812 1.00001 0.788112 1 
41.6356 0.36436 1.00001 0.364356 1 
42.9069 -0.906922 1.00001 -0.906912 1 
42.954 -0.954007 1.00001 -0.953996 1 
42.9697 -0.969702 1.00001 -0.969691 1 
42.9854 -0.985396 1.00001 -0.985386 1 
42.9906 -0.990628 1.00001 -0.990617 1 
42.9958 -0.99586 1.00001 -0.995849 1 
42.9976 -0.997603 1.00001 -0.997593 1 
42.9993 -0.999347 1.00001 -0.999337 1 
42.9999 -0.999929 1.00001 -0.999918 1 
43 -0.999992 1.00001 -0.999981 1 
43 -1.00001 1.00001 -1 0.999998 
43 -1.00001 0.999989 -1 0.999978 
43.0001 -1.00001 0.99993 -1 0.99992 
43.0003 -1.00001 0.999754 -1 0.999744 
43.0008 -1.00001 0.999227 -1 0.999216 
43.0024 -1.00001 0.997644 -1 0.997633 
43.0071 -1.00001 0.992895 -1 0.992885 
43.0214 -1.00001 0.978649 -1 0.978639 
43.0641 -1.00001 0.935912 -1 0.935902 
43.1923 -1.00001 0.8077 -1 0.807691 
43.5769 -1.00001 0.423063 -1 0.423058 
44.7308 -1.00001 -0.730847 -1 -0.73084 
44.8591 -1.00001 -0.85906 -1 -0.859051 
44.9873 -1.00001 -0.987272 -1 -0.987262 
44.992 -1.00001 -0.99202 -1 -0.99201 
44.9968 -1.00001 -0.996769 -1 -0.996759 
44.9983 -1.00001 -0.998352 -1 -0.998341 
44.9999 -1.00001 -0.999935 -1 -0.999924 
45 -1.00001 -0.999996 -1 -0.999985 
45 -1.00001 -1.00001 -0.999994 -1 
45 -0.999988 -1.00001 -0.999975 -1 
45.0001 -0.99993 -1.00001 -0.999916 -1 
45.0003 -0.999756 -1.00001 -0.999742 -1 
45.0008 -0.999232 -1.00001 -0.999218 -1 
45.0024 -0.99766 -1.00001 -0.997647 -1 
45.0071 -0.992946 -1.00001 -0.992933 -1 
45.0212 -0.978804 -1.00001 -0.97879 -1 
45.0636 -0.936376 -1.00001 -0.936363 -1 
45.1909 -0.809093 -1.00001 -0.809081 -1 
45.5728 -0.427243 -1.00001 -0.427237 -1 
46.7183 0.718306 -1.00001 0.718297 -1 
46.8456 0.84559 -1.00001 0.845578 -1 
46.9729 0.972873 -1.00001 0.97286 -1 
46.987 0.987016 -1.00001 0.987002 -1 
46.9917 0.99173 -1.00001 0.991716 -1 
46.9964 0.996444 -1.00001 0.99643 -1 
46.998 0.998015 -1.00001 0.998002 -1 
46.9996 0.999587 -1.00001 0.999573 -1 
46.9998 0.999805 -1.00001 0.999791 -1 
46.9999 0.999933 -1.00001 0.999919 -1 
47 1.00001 -1.00001 0.999999 -1 
47 1.00002 -0.999994 1 -0.999978 
47 1.00002 -0.999973 1 -0.999958 
47.0001 1.00002 -0.999911 1 -0.999895 
47.0003 1.00002 -0.999725 1 -0.999709 
47.0008 1.00002 -0.999167 1 -0.999151 
47.0025 1.00002 -0.997492 1 -0.997476 
47.0075 1.00002 -0.992466 1 -0.992451 
47.0226 1.00002 -0.97739 1 -0.977375 
47.0679 1.00002 -0.932162 1 -0.932147 
47.2035 1.00002 -0.796477 1 -0.796464 
47.6106 1.00002 -0.389422 1 -0.389416 
48.3679 1.00002 0.367885 1 0.367879 


4000 0.0133688 
4384 0.000842301 
4808 0.0129405 
5272 0.019933 
5780 0.00265938 
6336 0.0244951 
6948 0.00577995 
7620 0.012709 
8356 0.00799049 
9160 0.0074363 
10044 0.0036367 
11016 0.0119772 
12076 0.00766326 
13244 0.0125475 
14520 0.000294104 
15924 0.000132199 
17460 0.0291575 
19144 0.00165636 
20992 0.0690515 
23016 0.00148581 
25236 0.00142966 
27672 0.00191644 
30340 0.00259761 
33268 0.00148092 
36480 0.00217015 
40000 0.00377296 
43856 0.00147092 
48088 0.00250538 
52728 0.00179017 
57816 0.00673231 
63392 0.000384837 
69512 0.000282798 
76216 0.000726502 
83568 0.000445302 
91632 0.00109641 
100472 0.00108505 
110168 0.000435033 
120796 0.000465731 
132452 0.000365503 
145228 0.00129815 
159240 0.000179927 
174604 4.92614e-05 
191452 0.000509164 
209920 0.000524986 
230172 2.72776e-05 
252380 0.000787393 
276732 0.000230971 
303428 0.000562906 
332704 0.000308277 
364804 0.000158436 
400000 0.00118461 
438588 0.000225555 
480904 0.000113317 
527300 0.000242228 
578172 0.000300629 
633956 4.26501e-06 
695120 1.14572e-05 
762184 0.000504925 
835716 0.000252374 
916344 5.4129e-05 
1004752 3.42142e-06 
1101688 2.57579e-05 
1207980 3.23142e-05 
1324524 3.49218e-05 
1452312 8.36791e-05 
1592428 8.21634e-05 
1746060 1.45367e-05 
1914520 4.24626e-05 
2099228 3.12917e-05 
2301756 1.32239e-05 
2523828 2.72545e-05 
2767320 0.000563678 
3034308 0.000141195 
3327052 1.86051e-05 
3648040 7.83875e-06 
4000000 5.06671e-05 
4385912 2.80924e-05 
4809056 1.67016e-05 
5273024 1.22472e-05 
5781756 9.85201e-06 
6339572 3.0163e-05 
6951200 1.54579e-06 
7621840 3.92042e-08 
8357184 5.48745e-06 
9163468 5.24788e-06 
10047544 1.46672e-05 
11016912 1.20862e-05 
12079804 5.43772e-06 
13245244 2.36674e-06 
14523120 1.48596e-06 
15924284 7.62549e-06 
17460632 1.97773e-06 
19145200 2.09304e-05 
20992296 1.13003e-06 
23017596 5.36308e-05 
25238292 3.23687e-06 
27673236 3.61175e-06 
30343100 2.31639e-06 
33270548 1.54224e-07 
36480432 1.21959e-06 


0.01 1168 0.0165689 
0.00794328 1516 0.02674 
0.00630957 1420 0.110509 
0.00501187 1524 0.0425723 
0.00398107 1660 0.101599 
0.00316228 1844 0.0984261 
0.00251189 1796 0.00987003 
0.00199526 1776 0.0391854 
0.00158489 2132 0.0025905 
0.00125893 2000 0.0217327 
0.001 2164 0.0270595 
0.000794328 2168 0.0018358 
0.000630957 2272 0.000375559 
0.000501187 2420 0.000584147 
0.000398107 2356 0.00703834 
0.000316228 2600 0.00518611 
0.000251189 2516 0.000531112 
0.000199526 2780 0.00223567 
0.000158489 3008 0.00265781 
0.000125893 2940 0.00161842 
0.0001 3012 0.00144386 
7.94328e-05 2916 0.00246292 
6.30957e-05 3204 0.000710976 
5.01187e-05 3052 0.000176214 
3.98107e-05 3320 0.00020789 
3.16228e-05 3544 0.000653535 
2.51189e-05 3424 0.000350617 
1.99526e-05 3436 0.000566639 
1.58489e-05 3576 0.00019547 
1.25893e-05 3624 0.000135378 
1e-05 3640 9.94696e-05 
7.94328e-06 3680 2.09268e-06 
6.30957e-06 3780 7.18785e-05 
5.01187e-06 3904 2.31887e-05 
3.98107e-06 3984 7.08743e-05 
3.16228e-06 3912 1.539e-05 
2.51189e-06 4176 2.06901e-05 
1.99526e-06 4476 1.17763e-05 
1.58489e-06 4552 3.34039e-06 
1.25893e-06 4532 2.04428e-05 
1e-06 4280 1.67689e-05 
7.94328e-07 4568 8.43328e-06 
6.30957e-07 4644 9.36332e-06 
5.01187e-07 4936 6.97191e-06 
3.98107e-07 4824 4.78611e-06 
3.16228e-07 4704 1.30109e-06 
2.51189e-07 4876 7.08404e-06 
1.99526e-07 5032 1.2668e-06 
1.58489e-07 5368 5.01303e-07 
1.25893e-07 5240 1.18203e-06 
1e-07 5068 3.30636e-07 
7.94328e-08 5332 1.62822e-06 
6.30957e-08 5592 9.00451e-07 
5.01187e-08 5448 3.07881e-07 
3.98107e-08 5424 6.75629e-09 
3.16228e-08 5628 2.28313e-07 
2.51189e-08 5988 1.67172e-07 
1.99526e-08 5844 8.7612e-08 
1.58489e-08 5924 2.92035e-08 
1.25893e-08 5840 1.16067e-07 
1e-08 6020 2.45256e-07 
7.94328e-09 6028 8.3892e-08 
6.30957e-09 6332 1.4633e-08 
5.01187e-09 6564 1.09303e-07 
3.98107e-09 6392 1.29031e-07 
3.16228e-09 6616 1.35976e-07 
2.51189e-09 6424 2.74678e-08 
1.99526e-09 6980 3.02609e-08 
1.58489e-09 6948 8.44359e-09 
1.25893e-09 6752 5.63654e-09 
1e-09 7016 1.46158e-08 
7.94328e-10 7116 1.26079e-08 
6.30957e-10 7076 1.18617e-08 
5.01187e-10 7112 4.00257e-09 
3.98107e-10 7164 1.20151e-08 
3.16228e-10 7344 7.04571e-09 
2.51189e-10 7100 2.52797e-11 
1.99526e-10 7292 2.85537e-09 
1.58489e-10 7252 1.76453e-09 
1.25893e-10 7752 1.24176e-09 
1e-10 7564 2.51304e-09 
7.94328e-11 8028 1.55702e-09 
6.30957e-11 7904 2.79968e-10 
5.01187e-11 8000 2.86171e-10 
3.98107e-11 8200 2.02805e-10 
3.16228e-11 7956 3.46754e-11 
2.51189e-11 8352 3.53133e-10 
1.99526e-11 8396 2.02087e-10 
1.58489e-11 8052 1.62924e-10 
1.25893e-11 8496 8.28449e-11 
1e-11 8544 2.6285e-10 
7.94328e-12 8552 1.17987e-10 
6.30957e-12 8672 2.81697e-11 
5.01187e-12 8472 1.43481e-11 
3.98107e-12 8708 6.83144e-11 
3.16228e-12 8884 6.99891e-11 
2.51189e-12 8908 5.0085e-11 
1.99526e-12 8820 1.62591e-11 
1.58489e-12 8924 3.73132e-11 
1.25893e-12 9396 7.87846e-12 
