10 0.461538 52 24 
12 0.377049 61 23 
15 0.4 75 30 
18 0.426087 115 49 
22 0.473282 131 62 
27 0.512658 158 81 
33 0.338762 307 104 
41 0.449367 316 142 
51 0.45283 424 192 
63 0.353041 592 209 
78 0.435385 650 283 
97 0.480473 845 406 
121 0.463483 1068 495 
151 0.427345 1514 647 
188 0.524581 1790 939 
235 0.55103 2234 1231 
293 0.56917 2783 1584 
366 0.541832 3538 1917 
457 0.562927 4537 2554 
571 0.589521 5535 3263 
713 0.584326 7222 4220 
891 0.582134 8967 5220 
1113 0.612572 11295 6919 
1391 0.618974 14314 8860 
1738 0.625363 17916 11204 
2172 0.682628 22554 15396 
2715 0.659884 28158 18581 
3393 0.697911 35559 24817 
4241 0.70595 44506 31419 
5301 0.699637 55626 38918 
6626 0.693865 69907 48506 
8282 0.715801 87495 62629 
  

10 0.533333 45 24 
12 0.383333 60 23 
15 0.508772 57 29 
18 0.464286 112 52 
22 0.416107 149 62 
27 0.538462 169 91 
33 0.477387 199 95 
41 0.490842 273 134 
51 0.415778 469 195 
63 0.405769 520 211 
78 0.473684 646 306 
97 0.472973 814 385 
121 0.478261 1081 517 
151 0.501114 1347 675 
188 0.527594 1812 956 
235 0.491912 2411 1186 
293 0.548186 2729 1496 
366 0.524609 3515 1844 
457 0.563122 4420 2489 
571 0.550349 5591 3077 
713 0.585594 7150 4187 
891 0.567637 9004 5111 
1113 0.618506 11434 7072 
1391 0.62131 13956 8671 
1738 0.625415 18084 11310 
2172 0.660818 22454 14838 
2715 0.672414 28243 18991 
3393 0.676682 35578 24075 
4241 0.696116 44313 30847 
5301 0.688015 55634 38277 
6626 0.700389 69994 49023 
8282 0.721908 88093 63595  
 

10 0.48 50 24 
12 0.323944 71 23 
15 0.337079 89 30 
18 0.58427 89 52 
22 0.526316 114 60 
27 0.387435 191 74 
33 0.42623 244 104 
41 0.477444 266 127 
51 0.469734 413 194 
63 0.378229 542 205 
78 0.510998 591 302 
97 0.407935 983 401 
121 0.512172 1068 547 
151 0.552347 1385 765 
188 0.498375 1846 920 
235 0.548797 2203 1209 
293 0.510153 2807 1432 
366 0.574128 3440 1975 
457 0.565654 4379 2477 
571 0.560463 5706 3198 
713 0.583367 7347 4286 
891 0.565203 8926 5045 
1113 0.640644 11362 7279 
1391 0.629887 14374 9054 
1738 0.635534 18180 11554 
2172 0.641822 22285 14303 
2715 0.670719 28049 18813 
3393 0.673645 35443 23876 
4241 0.702826 44654 31384 
5301 0.693817 55849 38749 
6626 0.717751 69623 49972 
8282 0.728064 87925 64015  
 

10 0.461538 52 24 
12 0.377049 61 23 
15 0.341176 85 29 
18 0.406504 123 50 
22 0.459259 135 62 
27 0.424242 198 84 
33 0.40625 256 104 
41 0.441088 331 146 
51 0.423077 494 209 
63 0.441955 491 217 
78 0.493088 651 321 
97 0.457649 791 362 
121 0.530612 1078 572 
151 0.558193 1306 729 
188 0.529346 1789 947 
235 0.532555 2227 1186 
293 0.569634 2865 1632 
366 0.583518 3616 2110 
457 0.540693 4620 2498 
571 0.592244 5518 3268 
713 0.558499 7248 4048 
891 0.597025 9142 5458 
1113 0.612526 11273 6905 
1391 0.640975 14116 9048 
1738 0.623657 17864 11141 
2172 0.663907 22711 15078 
2715 0.65549 28034 18376 
3393 0.65447 35748 23396 
4241 0.698335 44324 30953 
5301 0.703352 55318 38908 
6626 0.725827 69810 50670 
8282 0.752593 87362 65748  
 

10 0.48 50 24 
12 0.393443 61 24 
15 0.288462 104 30 
18 0.485981 107 52 
22 0.439394 132 58 
27 0.532164 171 91 
33 0.470588 221 104 
41 0.509225 271 138 
51 0.463415 451 209 
63 0.419624 479 201 
78 0.488525 610 298 
97 0.511057 814 416 
121 0.481448 1105 532 
151 0.571212 1320 754 
188 0.513812 1810 930 
235 0.58475 2177 1273 
293 0.592397 2841 1683 
366 0.566141 3485 1973 
457 0.565615 4595 2599 
571 0.603272 5563 3356 
713 0.577188 7119 4109 
891 0.615547 9005 5543 
1113 0.613058 11242 6892 
1391 0.623159 14465 9014 
1738 0.629242 17858 11237 
2172 0.695084 22357 15540 
2715 0.665416 28510 18971 
3393 0.659895 35539 23452 
4241 0.718232 44526 31980 
5301 0.697965 55957 39056 
6626 0.707958 69781 49402 
8282 0.768042 87684 67345  
 

10 0.5 48 24 
12 0.347826 69 24 
15 0.394737 76 30 
18 0.418182 110 46 
22 0.394904 157 62 
27 0.471591 176 83 
33 0.360544 294 106 
41 0.410714 336 138 
51 0.539474 380 205 
63 0.412916 511 211 
78 0.48367 643 311 
97 0.507822 831 422 
121 0.487225 1135 553 
151 0.548529 1360 746 
188 0.537853 1770 952 
235 0.565492 2214 1252 
293 0.557459 2802 1562 
366 0.576998 3591 2072 
457 0.597153 4426 2643 
571 0.603248 5603 3380 
713 0.622213 7041 4381 
891 0.628625 9034 5679 
1113 0.615572 11521 7092 
1391 0.638641 14130 9024 
1738 0.640174 18131 11607 
2172 0.65015 22381 14551 
2715 0.679879 28383 19297 
3393 0.666396 35653 23759 
4241 0.717348 44277 31762 
5301 0.690886 56002 38691 
6626 0.703414 70010 49246 
8282 0.768286 87811 67464  
 

10 0.465116 43 20 
12 0.389831 59 23 
15 0.302083 96 29 
18 0.459459 111 51 
22 0.378205 156 59 
27 0.44385 187 83 
33 0.360595 269 97 
41 0.454237 295 134 
51 0.475325 385 183 
63 0.356913 622 222 
78 0.428157 689 295 
97 0.448619 905 406 
121 0.501805 1108 556 
151 0.545318 1335 728 
188 0.557368 1717 957 
235 0.536784 2338 1255 
293 0.633225 2781 1761 
366 0.617233 3412 2106 
457 0.616026 4555 2806 
571 0.59787 5727 3424 
713 0.624592 7043 4399 
891 0.625831 9020 5645 
1113 0.647174 11252 7282 
1391 0.653873 14122 9234 
1738 0.652953 18084 11808 
2172 0.660421 22416 14804 
2715 0.673901 28200 19004 
3393 0.670761 35497 23810 
4241 0.71236 44427 31648 
5301 0.689603 55793 38475 
6626 0.697608 70078 48887 
8282 0.766499 87674 67202  
 

10 0.444444 54 24 
12 0.35 60 21 
15 0.333333 87 29 
18 0.346939 98 34 
22 0.265625 192 51 
27 0.336957 184 62 
33 0.265217 230 61 
41 0.244373 311 76 
51 0.278215 381 106 
63 0.212008 533 113 
78 0.264505 586 155 
97 0.256927 794 204 
121 0.251402 1070 269 
151 0.266216 1480 394 
188 0.271549 1775 482 
235 0.31446 2137 672 
293 0.29979 2862 858 
366 0.320034 3559 1139 
457 0.339102 4565 1548 
571 0.342686 5667 1942 
713 0.37467 7201 2698 
891 0.376338 9061 3410 
1113 0.393818 11259 4434 
1391 0.412998 14218 5872 
1738 0.424013 17865 7575 
2172 0.442375 22386 9903 
2715 0.451109 27725 12507 
3393 0.453336 35766 16214 
4241 0.480669 44513 21396 
5301 0.479063 55907 26783 
6626 0.496739 70075 34809 
8282 0.566681 87259 49448  
 

10 0.415094 53 22 
12 0.328358 67 22 
15 0.287356 87 25 
18 0.369748 119 44 
22 0.3125 160 50 
27 0.34555 191 66 
33 0.276423 246 68 
41 0.260073 273 71 
51 0.228261 460 105 
63 0.204678 513 105 
78 0.21129 620 131 
97 0.196347 876 172 
121 0.18472 1034 191 
151 0.188612 1405 265 
188 0.191773 1726 331 
235 0.164835 2275 375 
293 0.173618 2949 512 
366 0.175152 3614 633 
457 0.177849 4352 774 
571 0.178412 5605 1000 
713 0.190476 7140 1360 
891 0.191282 8924 1707 
1113 0.197838 11656 2306 
1391 0.207336 14286 2962 
1738 0.215048 18075 3887 
2172 0.226189 22521 5094 
2715 0.234424 28538 6690 
3393 0.242721 35683 8661 
4241 0.24848 44257 10997 
5301 0.261241 55669 14543 
6626 0.28311 69941 19801 
8282 0.315018 87487 27560  
 

10 0.44898 49 22 
12 0.324324 74 24 
15 0.298701 77 23 
18 0.342105 114 39 
22 0.351145 131 46 
27 0.31746 189 60 
33 0.258475 236 61 
41 0.230303 330 76 
51 0.243119 436 106 
63 0.22449 490 110 
78 0.194444 684 133 
97 0.191514 872 167 
121 0.181185 1148 208 
151 0.192614 1381 266 
188 0.174539 1736 303 
235 0.166048 2156 358 
293 0.162249 2792 453 
366 0.167483 3469 581 
457 0.146266 4526 662 
571 0.136611 5695 778 
713 0.136872 7160 980 
891 0.12956 9100 1179 
1113 0.13246 11143 1476 
1391 0.133485 14069 1878 
1738 0.133485 18002 2403 
2172 0.138864 22540 3130 
2715 0.138264 28460 3935 
3393 0.139682 35273 4927 
4241 0.143156 45007 6443 
5301 0.146379 56060 8206 
6626 0.152277 69807 10630 
8282 0.159419 88095 14044  
 

10 0.47619 42 20 
12 0.328358 67 22 
15 0.282609 92 26 
18 0.384 125 48 
22 0.354167 144 51 
27 0.296651 209 62 
33 0.256318 277 71 
41 0.259868 304 79 
51 0.242054 409 99 
63 0.207767 515 107 
78 0.186782 696 130 
97 0.208279 773 161 
121 0.19619 1050 206 
151 0.177729 1356 241 
188 0.175559 1743 306 
235 0.17048 2229 380 
293 0.166357 2687 447 
366 0.155818 3472 541 
457 0.143991 4410 635 
571 0.136622 5797 792 
713 0.132917 7200 957 
891 0.128552 9008 1158 
1113 0.124243 11389 1415 
1391 0.122802 14332 1760 
1738 0.119813 17978 2154 
2172 0.114897 22655 2603 
2715 0.115374 28126 3245 
3393 0.114202 35262 4027 
4241 0.112188 44675 5012 
5301 0.111717 56070 6264 
6626 0.11365 69890 7943 
8282 0.115742 87125 10084  
 

