10 0.461538 52 24 
12 0.393443 61 24 
15 0.346667 75 26 
18 0.373913 115 43 
22 0.412214 131 54 
27 0.43038 158 68 
33 0.306189 307 94 
41 0.35443 316 112 
51 0.372642 424 158 
63 0.277027 592 164 
78 0.356923 650 232 
97 0.31716 845 268 
121 0.309925 1068 331 
151 0.339498 1514 514 
188 0.347486 1790 622 
235 0.340645 2234 761 
293 0.352138 2783 980 
366 0.332391 3538 1176 
457 0.326207 4537 1480 
571 0.320506 5535 1774 
713 0.329964 7222 2383 
891 0.327757 8967 2939 
1113 0.319522 11295 3609 
1391 0.326044 14314 4667 
1738 0.326524 17916 5850 
2172 0.325885 22554 7350 
2715 0.327864 28158 9232 
3393 0.325937 35559 11590 
4241 0.326001 44506 14509 
5301 0.322205 55626 17923 
6626 0.321298 69907 22461 
8282 0.325584 87495 28487 
  

10 0.533333 45 24 
12 0.383333 60 23 
15 0.491228 57 28 
18 0.464286 112 52 
22 0.416107 149 62 
27 0.538462 169 91 
33 0.497487 199 99 
41 0.483516 273 132 
51 0.41791 469 196 
63 0.4 520 208 
78 0.441176 646 285 
97 0.44226 814 360 
121 0.474561 1081 513 
151 0.512249 1347 690 
188 0.490066 1812 888 
235 0.476566 2411 1149 
293 0.525101 2729 1433 
366 0.503556 3515 1770 
457 0.502941 4420 2223 
571 0.504203 5591 2819 
713 0.492448 7150 3521 
891 0.499556 9004 4498 
1113 0.496152 11434 5673 
1391 0.521568 13956 7279 
1738 0.514322 18084 9301 
2172 0.516879 22454 11606 
2715 0.514889 28243 14542 
3393 0.515796 35578 18351 
4241 0.527137 44313 23359 
5301 0.515854 55634 28699 
6626 0.523831 69994 36665 
8282 0.525763 88093 46316  
 

10 0.48 50 24 
12 0.323944 71 23 
15 0.337079 89 30 
18 0.58427 89 52 
22 0.526316 114 60 
27 0.39267 191 75 
33 0.401639 244 98 
41 0.511278 266 136 
51 0.440678 413 182 
63 0.343173 542 186 
78 0.490694 591 290 
97 0.396745 983 390 
121 0.499064 1068 533 
151 0.551625 1385 764 
188 0.498375 1846 920 
235 0.544258 2203 1199 
293 0.562879 2807 1580 
366 0.6 3440 2064 
457 0.595113 4379 2606 
571 0.608307 5706 3471 
713 0.621478 7347 4566 
891 0.634439 8926 5663 
1113 0.650502 11362 7391 
1391 0.659315 14374 9477 
1738 0.661276 18180 12022 
2172 0.678573 22285 15122 
2715 0.700239 28049 19641 
3393 0.706712 35443 25048 
4241 0.703431 44654 31411 
5301 0.709771 55849 39640 
6626 0.711288 69623 49522 
8282 0.720136 87925 63318  
 

10 0.442308 52 23 
12 0.377049 61 23 
15 0.341176 85 29 
18 0.406504 123 50 
22 0.437037 135 59 
27 0.40404 198 80 
33 0.390625 256 100 
41 0.422961 331 140 
51 0.433198 494 214 
63 0.409369 491 201 
78 0.493088 651 321 
97 0.45512 791 360 
121 0.46475 1078 501 
151 0.495406 1306 647 
188 0.541084 1789 968 
235 0.473282 2227 1054 
293 0.545899 2865 1564 
366 0.589602 3616 2132 
457 0.562771 4620 2600 
571 0.567778 5518 3133 
713 0.586231 7248 4249 
891 0.598228 9142 5469 
1113 0.626453 11273 7062 
1391 0.67505 14116 9529 
1738 0.689375 17864 12315 
2172 0.679935 22711 15442 
2715 0.705822 28034 19787 
3393 0.715956 35748 25594 
4241 0.732831 44324 32482 
5301 0.745562 55318 41243 
6626 0.761352 69810 53150 
8282 0.777054 87362 67885  
 

10 0.48 50 24 
12 0.393443 61 24 
15 0.288462 104 30 
18 0.485981 107 52 
22 0.439394 132 58 
27 0.532164 171 91 
33 0.443439 221 98 
41 0.479705 271 130 
51 0.430155 451 194 
63 0.39666 479 190 
78 0.486885 610 297 
97 0.477887 814 389 
121 0.443439 1105 490 
151 0.531818 1320 702 
188 0.538674 1810 975 
235 0.534681 2177 1164 
293 0.55931 2841 1589 
366 0.534003 3485 1861 
457 0.556474 4595 2557 
571 0.547007 5563 3043 
713 0.568198 7119 4045 
891 0.589783 9005 5311 
1113 0.612347 11242 6884 
1391 0.617836 14465 8937 
1738 0.655001 17858 11697 
2172 0.713602 22357 15954 
2715 0.659348 28510 18798 
3393 0.691072 35539 24560 
4241 0.710888 44526 31653 
5301 0.716407 55957 40088 
6626 0.744171 69781 51929 
8282 0.7664 87684 67201  
 

10 0.5 48 24 
12 0.347826 69 24 
15 0.394737 76 30 
18 0.418182 110 46 
22 0.369427 157 58 
27 0.460227 176 81 
33 0.360544 294 106 
41 0.392857 336 132 
51 0.521053 380 198 
63 0.410959 511 210 
78 0.44479 643 286 
97 0.509025 831 423 
121 0.452863 1135 514 
151 0.486029 1360 661 
188 0.483051 1770 855 
235 0.512195 2214 1134 
293 0.480728 2802 1347 
366 0.524366 3591 1883 
457 0.595798 4426 2637 
571 0.560414 5603 3140 
713 0.606448 7041 4270 
891 0.571397 9034 5162 
1113 0.606284 11521 6985 
1391 0.622718 14130 8799 
1738 0.653577 18131 11850 
2172 0.677807 22381 15170 
2715 0.667865 28383 18956 
3393 0.685917 35653 24455 
4241 0.679179 44277 30072 
5301 0.692993 56002 38809 
6626 0.72154 70010 50515 
8282 0.746148 87811 65520  
 

10 0.55814 43 24 
12 0.389831 59 23 
15 0.3125 96 30 
18 0.468468 111 52 
22 0.378205 156 59 
27 0.486631 187 91 
33 0.371747 269 100 
41 0.454237 295 134 
51 0.488312 385 188 
63 0.336013 622 209 
78 0.43106 689 297 
97 0.441989 905 400 
121 0.477437 1108 529 
151 0.48764 1335 651 
188 0.500874 1717 860 
235 0.501283 2338 1172 
293 0.558792 2781 1554 
366 0.553927 3412 1890 
457 0.542042 4555 2469 
571 0.55282 5727 3166 
713 0.60159 7043 4237 
891 0.575277 9020 5189 
1113 0.624156 11252 7023 
1391 0.645447 14122 9115 
1738 0.623811 18084 11281 
2172 0.659395 22416 14781 
2715 0.652837 28200 18410 
3393 0.701214 35497 24891 
4241 0.719202 44427 31952 
5301 0.690875 55793 38546 
6626 0.71449 70078 50070 
8282 0.715834 87674 62760  
 

10 0.444444 54 24 
12 0.4 60 24 
15 0.321839 87 28 
18 0.469388 98 46 
22 0.3125 192 60 
27 0.434783 184 80 
33 0.426087 230 98 
41 0.446945 311 139 
51 0.498688 381 190 
63 0.412758 533 220 
78 0.493174 586 289 
97 0.510076 794 405 
121 0.470093 1070 503 
151 0.477703 1480 707 
188 0.505915 1775 898 
235 0.560599 2137 1198 
293 0.513277 2862 1469 
366 0.566451 3559 2016 
457 0.545893 4565 2492 
571 0.554262 5667 3141 
713 0.558672 7201 4023 
891 0.57753 9061 5233 
1113 0.603428 11259 6794 
1391 0.640948 14218 9113 
1738 0.623678 17865 11142 
2172 0.63437 22386 14201 
2715 0.661894 27725 18351 
3393 0.722027 35766 25824 
4241 0.704558 44513 31362 
5301 0.700753 55907 39177 
6626 0.714349 70075 50058 
8282 0.729678 87259 63671  
 

10 0.45283 53 24 
12 0.358209 67 24 
15 0.344828 87 30 
18 0.436975 119 52 
22 0.3625 160 58 
27 0.471204 191 90 
33 0.410569 246 101 
41 0.461538 273 126 
51 0.391304 460 180 
63 0.39961 513 205 
78 0.448387 620 278 
97 0.40411 876 354 
121 0.519342 1034 537 
151 0.506762 1405 712 
188 0.502897 1726 868 
235 0.496703 2275 1130 
293 0.537809 2949 1586 
366 0.491976 3614 1778 
457 0.568704 4352 2475 
571 0.565388 5605 3169 
713 0.572549 7140 4088 
891 0.616316 8924 5500 
1113 0.577385 11656 6730 
1391 0.612488 14286 8750 
1738 0.637953 18075 11531 
2172 0.659873 22521 14861 
2715 0.647102 28538 18467 
3393 0.7123 35683 25417 
4241 0.693834 44257 30707 
5301 0.695737 55669 38731 
6626 0.740853 69941 51816 
8282 0.714015 87487 62467  
 

10 0.489796 49 24 
12 0.324324 74 24 
15 0.363636 77 28 
18 0.438596 114 50 
22 0.465649 131 61 
27 0.460317 189 87 
33 0.411017 236 97 
41 0.40303 330 133 
51 0.408257 436 178 
63 0.4 490 196 
78 0.418129 684 286 
97 0.43578 872 380 
121 0.437282 1148 502 
151 0.488052 1381 674 
188 0.501152 1736 870 
235 0.553803 2156 1194 
293 0.544771 2792 1521 
366 0.539925 3469 1873 
457 0.557888 4526 2525 
571 0.565057 5695 3218 
713 0.593575 7160 4250 
891 0.622637 9100 5666 
1113 0.611056 11143 6809 
1391 0.615609 14069 8661 
1738 0.636651 18002 11461 
2172 0.660115 22540 14879 
2715 0.676845 28460 19263 
3393 0.70544 35273 24883 
4241 0.690493 45007 31077 
5301 0.68639 56060 38479 
6626 0.712421 69807 49732 
8282 0.7239 88095 63772 
 

