10 0.461538 52 24 
11 0.407407 54 22 
12 0.396226 53 21 
13 0.342105 76 26 
14 0.341463 82 28 
15 0.292683 82 24 
16 0.380282 71 27 
18 0.390476 105 41 
20 0.291391 151 44 
22 0.304348 138 42 
24 0.252874 174 44 
27 0.293814 194 57 
30 0.259843 254 66 
33 0.257246 276 71 
37 0.261017 295 77 
41 0.267974 306 82 
46 0.243968 373 91 
51 0.261538 390 102 
57 0.219758 496 109 
64 0.229474 475 109 
72 0.197472 633 125 
81 0.193503 708 137 
91 0.201024 781 157 
102 0.217963 913 199 
114 0.193347 962 186 
128 0.184966 1184 219 
144 0.176651 1302 230 
162 0.179226 1473 264 
182 0.168402 1633 275 
204 0.177275 1901 337 
229 0.176251 2139 377 
257 0.168789 2435 411 
289 0.158374 2633 417 
325 0.16569 3072 509 
365 0.151972 3652 555 
410 0.150163 3989 599 
461 0.144393 4557 658 
518 0.148304 4983 739 
582 0.144247 5858 845 
654 0.14323 6507 932 
735 0.135876 7264 987 
826 0.132929 8403 1117 
929 0.132873 9272 1232 
1045 0.12853 10729 1379 
1175 0.127306 12034 1532 
1321 0.124775 13352 1666 
1486 0.12182 15408 1877 
1671 0.116574 17491 2039 
1879 0.118251 19484 2304 
2113 0.115987 21692 2516 
2377 0.114555 25001 2864 
2674 0.115116 27633 3181 
3008 0.111653 31562 3524 
3384 0.112971 35478 4008 
3807 0.110749 40145 4446 
4282 0.109381 44752 4895 
4817 0.107875 50716 5471 
5419 0.109203 56546 6175 
6096 0.107941 64248 6935 
6858 0.106458 72254 7692 
7715 0.105057 81794 8593 
8679 0.105656 91978 9718 
9763 0.103505 104159 10781  
  

10 0.470588 51 24 
11 0.45283 53 24 
12 0.358209 67 24 
13 0.386667 75 29 
14 0.361446 83 30 
15 0.305882 85 26 
16 0.373737 99 37 
18 0.446809 94 42 
20 0.302326 129 39 
22 0.394366 142 56 
24 0.30303 165 50 
27 0.407821 179 73 
30 0.352041 196 69 
33 0.394872 195 77 
37 0.366883 308 113 
41 0.337278 338 114 
46 0.325459 381 124 
51 0.343387 431 148 
57 0.357602 467 167 
64 0.316327 588 186 
72 0.315113 622 196 
81 0.327824 726 238 
91 0.342657 858 294 
102 0.377919 942 356 
114 0.348859 1052 367 
128 0.344049 1151 396 
144 0.321185 1317 423 
162 0.311111 1575 490 
182 0.319485 1709 546 
204 0.338407 1971 667 
229 0.340538 2082 709 
257 0.33679 2411 812 
289 0.339511 2698 916 
325 0.337826 3339 1128 
365 0.319809 3771 1206 
410 0.350309 3888 1362 
461 0.312612 4472 1398 
518 0.321526 5138 1652 
582 0.333505 5826 1943 
654 0.333385 6461 2154 
735 0.326328 7661 2500 
826 0.330675 8277 2737 
929 0.326647 9273 3029 
1045 0.325644 10837 3529 
1175 0.331222 12001 3975 
1321 0.323664 13582 4396 
1486 0.328825 15230 5008 
1671 0.323711 17321 5607 
1879 0.321897 19500 6277 
2113 0.31794 21828 6940 
2377 0.323725 24354 7884 
2674 0.327459 27976 9161 
3008 0.322762 31531 10177 
3384 0.325045 35552 11556 
3807 0.323611 39634 12826 
4282 0.323901 45165 14629 
4817 0.320205 50908 16301 
5419 0.323454 57495 18597 
6096 0.325158 64547 20988 
6858 0.322521 72389 23347 
7715 0.322678 81521 26305 
8679 0.324547 91620 29735 
9763 0.32011 104011 33295 

