999 0 1.05372 2.10744 3.16117 4.21489
-0.00613592 0 1.02454e-14 0.15359 1.60882 -0.000885219
0.00613592 0 6.00906e-15 0.150082 1.59347 -0.00369633
0.0184078 0 3.52071e-15 0.146689 1.57709 -0.00638939
0.0306796 0 2.06067e-15 0.143402 1.55978 -0.00882361
0.0429515 0 1.20491e-15 0.140214 1.54162 -0.010873
0.0552233 0 7.03842e-16 0.137115 1.52271 -0.0124324
0.0674952 0 4.10753e-16 0.1341 1.50313 -0.0134223
0.079767 0 2.39486e-16 0.131159 1.48297 -0.0137915
0.0920388 0 1.39502e-16 0.128288 1.46232 -0.0135193
0.104311 0 8.11873e-17 0.125479 1.44126 -0.0126151
0.116583 0 4.72076e-17 0.122728 1.41986 -0.0111174
0.128854 0 2.74256e-17 0.120033 1.39821 -0.00909052
0.141126 0 1.59195e-17 0.117391 1.37637 -0.00662142
0.153398 0 9.23277e-18 0.114801 1.35442 -0.00381468
0.16567 0 5.35023e-18 0.112264 1.3324 -0.000787487
0.177942 0 3.0978e-18 0.10978 1.31038 0.00233584
0.190214 0 1.79217e-18 0.10735 1.28841 0.00542933
0.202485 0 1.03598e-18 0.104977 1.26653 0.00837067
0.214757 0 5.98376e-19 0.102663 1.24479 0.0110459
0.227029 0 3.45342e-19 0.100409 1.22323 0.0133539
0.239301 0 1.9915e-19 0.0982167 1.20187 0.0152093
0.251573 0 1.14753e-19 0.0960873 1.18075 0.0165457
0.263845 0 6.60707e-20 0.0940214 1.15989 0.0173173
0.276117 0 3.80111e-20 0.0920188 1.13932 0.0174993
0.288388 0 2.18509e-20 0.0900787 1.11905 0.0170883
0.30066 0 1.25513e-20 0.0881994 1.0991 0.0161015
0.312932 0 7.20385e-21 0.0863789 1.07949 0.014575
0.325204 0 4.13141e-21 0.0846143 1.06022 0.0125619
0.337476 0 2.36749e-21 0.0829021 1.0413 0.0101296
0.349748 0 1.35561e-21 0.0812388 1.02274 0.00735702
0.362019 0 7.75592e-22 0.0796203 1.00455 0.00433125
0.374291 0 4.43389e-22 0.0780423 0.986723 0.00114468
0.386563 0 2.53271e-22 0.0765009 0.969263 -0.00210834
0.398835 0 1.44555e-22 0.0749918 0.952172 -0.00533443
0.411107 0 8.24378e-23 0.0735114 0.935447 -0.00844404
0.423379 0 4.69743e-23 0.0720561 0.919087 -0.0113538
0.435651 0 2.67444e-23 0.0706228 0.903086 -0.0139887
0.447922 0 1.52139e-23 0.0692088 0.887443 -0.0162839
0.460194 0 8.64727e-24 0.0678123 0.872151 -0.0181856
0.472466 0 4.91072e-24 0.0664314 0.857206 -0.0196525
0.484738 0 2.78633e-24 0.0650654 0.842602 -0.0206557
0.49701 0 1.57957e-24 0.0637135 0.828332 -0.021179
0.509282 0 8.94665e-25 0.062376 0.81439 -0.0212185
0.521553 0 5.06278e-25 0.0610531 0.80077 -0.020782
0.533825 0 2.86235e-25 0.0597458 0.787466 -0.0198883
0.546097 0 1.61679e-25 0.0584552 0.774469 -0.0185655
0.558369 0 9.12382e-26 0.0571826 0.761774 -0.0168503
0.570641 0 5.14383e-26 0.0559297 0.749374 -0.0147862
0.582913 0 2.8972e-26 0.0546982 0.737262 -0.0124223
0.595185 0 1.63021e-26 0.0534897 0.725431 -0.00981145
0.607456 0 9.16387e-27 0.0523059 0.713875 -0.00700926
0.619728 0 5.14606e-27 0.0511483 0.702586 -0.00407229
0.632 0 2.88686e-27 0.0500183 0.69156 -0.0010569
0.644272 0 1.6178e-27 0.048917 0.680788 0.0019819
0.656544 0 9.05659e-28 0.0478455 0.670266 0.00499156
0.668816 0 5.06452e-28 0.0468042 0.659986 0.00792283
0.681087 0 2.82903e-28 0.0457936 0.649942 0.0107305
0.693359 0 1.57854e-28 0.0448135 0.640128 0.0133739
0.705631 0 8.79799e-29 0.0438638 0.630539 0.0158175
0.717903 0 4.89796e-29 0.0429438 0.621168 0.0180308
0.730175 0 2.72358e-29 0.0420525 0.61201 0.0199887
0.742447 0 1.51268e-29 0.0411888 0.603058 0.0216714
0.754719 0 8.39122e-30 0.0403512 0.594308 0.0230642
0.76699 0 4.64943e-30 0.039538 0.585753 0.0241571
0.779262 0 2.57325e-30 0.0387475 0.577389 0.0249451
0.791534 0 1.42211e-30 0.0379775 0.56921 0.0254268
0.803806 0 7.84294e-31 0.0372261 0.56121 0.0256048
0.816078 0 4.31971e-31 0.0364909 0.553386 0.025485
0.82835 0 2.38605e-31 0.0357699 0.545732 0.0250759
0.840621 0 1.32293e-31 0.0350607 0.538243 0.0243885
0.852893 0 7.20981e-32 0.0343613 0.530916 0.0234353
0.865165 0 3.73783e-32 0.0336695 0.523745 0.0222308
0.877437 0 1.98757e-32 0.0329833 0.516727 0.0207899
0.889709 0 1.39366e-32 0.0323008 0.509857 0.0191289
0.901981 0 1.06116e-32 0.0316205 0.503133 0.0172639
0.914253 0 2.80962e-33 0.0309406 0.496549 0.0152115
0.926524 0 -5.33464e-33 0.0302599 0.490103 0.0129884
0.938796 0 -2.60209e-33 0.0295773 0.48379 0.0106107
0.951068 0 1.00092e-32 0.0288916 0.477609 0.00809482
0.96334 0 1.24521e-32 0.0282024 0.471555 0.00545646
0.975612 0 -7.45142e-33 0.0275089 0.465626 0.00271126
0.987884 0 -2.48734e-32 0.0268109 0.459818 -0.00012545
1.00016 0 -3.43293e-33 0.0261083 0.454129 -0.00303852
1.01243 0 3.92152e-32 0.0254011 0.448556 -0.0060129
1.0247 0 3.07176e-32 0.0246896 0.443096 -0.00903353
1.03697 0 -4.60703e-32 0.0239743 0.437746 -0.0120853
1.04924 0 -8.02848e-32 0.0232557 0.432504 -0.0151527
1.06151 0 2.76643e-32 0.0225346 0.427367 -0.0182202
1.07379 0 1.52486e-31 0.0218118 0.422332 -0.0212715
1.08606 0 4.59674e-32 0.0210883 0.417398 -0.0242899
1.09833 0 -2.31488e-31 0.0203651 0.412561 -0.0272583
1.1106 0 -2.16253e-31 0.0196434 0.407819 -0.0301587
1.12287 0 2.69209e-31 0.0189243 0.40317 -0.0329725
1.13515 0 5.28096e-31 0.018209 0.398611 -0.0356805
1.14742 0 -1.62157e-31 0.0174989 0.39414 -0.0382629
1.15969 0 -1.00664e-30 0.0167951 0.389754 -0.0406993
1.17196 0 -2.77252e-31 0.0160989 0.385452 -0.0429687
1.18423 0 1.60728e-30 0.0154115 0.381232 -0.0450499
1.19651 0 1.34961e-30 0.014734 0.37709 -0.0469215
1.20878 0 -2.12105e-30 0.0140677 0.373026 -0.0485619
1.22105 0 -3.48451e-30 0.0134136 0.369037 -0.0499497
1.23332 0 2.0084e-30 0.0127728 0.365121 -0.0510637
1.24559 0 7.21602e-30 0.0121461 0.361277 -0.0518833
1.25786 0 -1.19614e-31 0.0115344 0.357503 -0.0523887
1.27014 0 -1.30627e-29 0.0109386 0.353797 -0.0525608
1.28241 0 -5.76474e-30 0.0103594 0.350158 -0.0523818
1.29468 0 2.12051e-29 0.00979731 0.346584 -0.0518352
1.30695 0 1.96833e-29 0.00925293 0.343074 -0.0509062
1.31922 0 -3.07527e-29 0.00872669 0.339626 -0.0495816
1.3315 0 -4.8724e-29 0.00821896 0.33624 -0.04785
1.34377 0 3.81897e-29 0.00772998 0.332914 -0.0457023
1.35604 0 1.05082e-28 0.00725995 0.329646 -0.0431314
1.36831 0 -3.41866e-29 0.00680897 0.326437 -0.0401326
1.38058 0 -2.09605e-28 0.00637706 0.323284 -0.0367033
1.39285 0 -2.85629e-30 0.00596415 0.320186 -0.0328436
1.40513 0 3.98174e-28 0.00557014 0.317144 -0.0285558
1.4174 0 1.1984e-28 0.00519483 0.314155 -0.0238446
1.42967 0 -7.33751e-28 0.00483797 0.311218 -0.0187171
1.44194 0 -4.15308e-28 0.00449926 0.308333 -0.0131825
1.45421 0 1.33044e-27 0.00417833 0.305498 -0.00725221
1.46649 0 1.09284e-27 0.00387478 0.302713 -0.000939682
1.47876 0 -2.40427e-27 0.00358818 0.299976 0.00573989
1.49103 0 -2.56939e-27 0.00331804 0.297286 0.0127697
1.5033 0 4.38574e-27 0.00306386 0.294643 0.0201313
1.51557 0 5.69427e-27 0.0028251 0.292044 0.0278054
1.52784 0 -8.17956e-27 0.0026012 0.28949 0.0357714
1.54012 0 -1.21872e-26 0.00239161 0.286978 0.0440082
1.55239 0 1.57809e-26 0.00219573 0.284508 0.0524942
1.56466 0 2.54932e-26 0.00201297 0.282079 0.0612075
1.57693 0.00613592 -3.17624e-26 0.00184275 0.27969 0.0701265
1.5892 0.0184078 -5.23793e-26 0.00168446 0.277339 0.0792296
1.60148 0.0306796 6.68796e-26 0.00153752 0.275025 0.0884961
1.61375 0.0429515 1.05669e-25 0.00140134 0.272749 0.0979059
1.62602 0.0552233 -1.46769e-25 0.00127534 0.270508 0.10744
1.63829 0.0674952 -2.08108e-25 0.00115895 0.268301 0.117081
1.65056 0.079767 3.32607e-25 0.00105161 0.266129 0.126812
1.66284 0.0920388 3.94997e-25 0.000952799 0.26399 0.136618
1.67511 0.104311 -7.68854e-25 0.000861974 0.261884 0.146487
1.68738 0.116583 -7.04358e-25 0.000778631 0.259809 0.156407
1.69965 0.128854 1.78916e-24 0.000702281 0.257766 0.16637
1.71192 0.141126 1.1155e-24 0.000632453 0.255754 0.176367
1.72419 0.153398 -4.13697e-24 0.000568696 0.253771 0.186394
1.73647 0.16567 -1.31849e-24 0.000510578 0.251819 0.196447
1.74874 0.177942 9.381e-24 0.000457688 0.249896 0.206525
1.76101 0.190214 -2.68807e-27 0.000409637 0.248002 0.216628
1.77328 0.202485 -2.05613e-23 0.000366055 0.246137 0.226759
1.78555 0.214757 7.14718e-24 0.000326593 0.244301 0.236922
1.79783 0.227029 4.27488e-23 0.000290921 0.242492 0.247122
1.8101 0.239301 -3.23162e-23 0.000258729 0.240712 0.257366
1.82237 0.251573 -8.18393e-23 0.000229728 0.238959 0.267662
1.83464 0.263845 1.06559e-22 0.000203645 0.237233 0.27802
1.84691 0.276117 1.35775e-22 0.000180228 0.235533 0.288447
1.85918 0.288388 -3.00733e-22 0.00015924 0.233861 0.298956
1.87146 0.30066 -1.61863e-22 0.000140461 0.232214 0.309556
1.88373 0.312932 7.56005e-22 0.000123688 0.230592 0.320258
1.896 0.325204 -1.87519e-23 0.000108733 0.228995 0.331072
1.90827 0.337476 -1.69792e-21 9.54226e-05 0.227423 0.342008
1.92054 0.349748 9.56036e-22 8.35969e-05 0.225874 0.353074
1.93282 0.362019 3.32102e-21 7.3109e-05 0.224348 0.364279
1.94509 0.374291 -4.0532e-21 6.38243e-05 0.222844 0.375631
1.95736 0.386563 -5.19969e-21 5.56197e-05 0.221362 0.387134
1.96963 0.398835 1.23156e-20 4.83827e-05 0.219901 0.398793
1.9819 0.411107 4.38759e-21 4.2011e-05 0.21846 0.41061
1.99418 0.423379 -3.08176e-20 3.64116e-05 0.217038 0.422586
2.00645 0.435651 9.39749e-21 3.15e-05 0.215635 0.43472
2.01872 0.447922 6.44109e-20 2.71999e-05 0.214249 0.44701
2.03099 0.460194 -6.34937e-20 2.34424e-05 0.212881 0.459449
2.04326 0.472466 -1.05314e-19 2.01653e-05 0.21153 0.472031
2.05553 0.484738 2.16103e-19 1.73127e-05 0.210195 0.484746
2.06781 0.49701 9.3791e-20 1.48346e-05 0.208875 0.497585
2.08008 0.509282 -5.59415e-19 1.2686e-05 0.207571 0.510534
2.09235 0.521553 1.76235e-19 1.08269e-05 0.206281 0.523578
2.10462 0.533825 1.15547e-18 9.22144e-06 0.205006 0.536702
2.11689 0.546097 -1.22831e-18 7.83796e-06 0.203746 0.549889
2.12917 0.558369 -1.75549e-18 6.64819e-06 0.202501 0.563119
2.14144 0.570641 4.08369e-18 5.62716e-06 0.201269 0.576374
2.15371 0.582913 1.00986e-18 4.7528e-06 0.200053 0.589633
2.16598 0.595185 -1.00598e-17 4.00563e-06 0.198851 0.602875
2.17825 0.607456 5.19332e-18 3.36855e-06 0.197663 0.616081
2.19052 0.619728 1.89957e-17 2.82652e-06 0.196491 0.629228
2.2028 0.632 -2.61275e-17 2.36638e-06 0.195334 0.642298
2.21507 0.644272 -2.32938e-17 1.97665e-06 0.194191 0.655271
2.22734 0.656544 7.6937e-17 1.6473e-06 0.193064 0.668129
2.23961 0.668816 -6.16595e-18 1.36962e-06 0.191952 0.680854
2.25188 0.681087 -1.68963e-16 1.13605e-06 0.190855 0.693431
2.26416 0.693359 1.43998e-16 9.40047e-07 0.189773 0.705848
2.27643 0.705631 2.68791e-16 7.75968e-07 0.188705 0.718092
2.2887 0.717903 -5.31029e-16 6.38945e-07 0.187652 0.730156
2.30097 0.730175 -1.904e-16 5.248e-07 0.186613 0.742032
2.31324 0.742447 1.33369e-15 4.29951e-07 0.185587 0.753718
2.32551 0.754719 -6.10519e-16 3.51336e-07 0.184574 0.765213
2.33779 0.76699 -2.49004e-15 2.86343e-07 0.183572 0.776519
2.35006 0.779262 3.28397e-15 2.32754e-07 0.182582 0.787643
2.36233 0.791534 2.95874e-15 1.88684e-07 0.181602 0.798592
2.3746 0.803806 -9.52537e-15 1.52539e-07 0.18063 0.80938
2.38687 0.816078 8.54813e-16 1.22976e-07 0.179667 0.820019
2.39915 0.82835 2.02033e-14 9.88628e-08 0.178712 0.830529
2.41142 0.840621 -1.73847e-14 7.92499e-08 0.177763 0.840929
2.42369 0.852893 -3.06514e-14 6.33431e-08 0.176819 0.851243
2.43596 0.865165 6.10765e-14 5.04794e-08 0.17588 0.861495
2.44823 0.877437 1.98539e-14 4.01073e-08 0.174946 0.871713
2.46051 0.889709 -1.4652e-13 3.17692e-08 0.174016 0.881926
2.47278 0.901981 6.75762e-14 2.50866e-08 0.17309 0.892163
2.48505 0.914253 2.6264e-13 1.97473e-08 0.172167 0.902456
2.49732 0.926524 -3.3903e-13 1.54947e-08 0.171248 0.912837
2.50959 0.938796 -3.06765e-13 1.21183e-08 0.170334 0.923337
2.52186 0.951068 9.4094e-13 9.44638e-09 0.169424 0.933988
2.53414 0.96334 -3.89554e-14 7.33883e-09 0.168518 0.944819
2.54641 0.975612 -1.94308e-12 5.68202e-09 0.167619 0.955861
2.55868 0.987884 1.47071e-12 4.38398e-09 0.166726 0.967139
2.57095 1.00016 2.99378e-12 3.37054e-09 0.16584 0.978681
2.58322 1.01243 -5.14179e-12 2.58207e-09 0.164962 0.990507
2.5955 1.0247 -2.59251e-12 1.97083e-09 0.164093 1.00264
2.60777 1.03697 1.23179e-11 1.4987e-09 0.163232 1.01509
2.62004 1.04924 -3.07672e-12 1.13537e-09 0.162381 1.02787
2.63231 1.06151 -2.29449e-11 8.56824e-10 0.161539 1.041
2.64458 1.07379 2.14185e-11 6.44088e-10 0.160707 1.05447
2.65685 1.08606 3.21384e-11 4.82248e-10 0.159883 1.06828
2.66913 1.09833 -6.35816e-11 3.59614e-10 0.159067 1.08243
2.6814 1.1106 -2.35998e-11 2.67063e-10 0.158258 1.09691
2.69367 1.12287 1.40741e-10 1.97501e-10 0.157454 1.1117
2.70594 1.13515 -4.01343e-11 1.45436e-10 0.156655 1.12678
2.71821 1.14742 -2.51723e-10 1.06633e-10 0.155858 1.14213
2.73049 1.15969 2.28047e-10 7.78378e-11 0.155061 1.15771
2.74276 1.17196 3.55378e-10 5.65637e-11 0.154263 1.17349
2.75503 1.18423 -6.43842e-10 4.09164e-11 0.153462 1.18943
2.7673 1.19651 -3.21005e-10 2.94601e-11 0.152656 1.20549
2.77957 1.20878 1.40614e-09 2.11113e-11 0.151843 1.22162
2.79185 1.22105 -1.46074e-10 1.50555e-11 0.151022 1.23777
2.80412 1.23332 -2.57972e-09 1.06842e-11 0.150192 1.25388
2.81639 1.24559 1.59656e-09 7.54461e-12 0.149353 1.26991
2.82866 1.25786 4.02198e-09 5.29986e-12 0.148505 1.28578
2.84093 1.27014 -4.92183e-09 3.70466e-12 0.147649 1.30145
2.8532 1.28241 -5.10288e-09 2.57541e-12 0.146784 1.31685
2.86548 1.29468 1.13815e-08 1.77995e-12 0.145914 1.33193
2.87775 1.30695 4.25732e-09 1.22686e-12 0.145039 1.34661
2.89002 1.31922 -2.24964e-08 8.34798e-13 0.144162 1.36085
2.90229 1.3315 1.6624e-09 5.7138e-13 0.143284 1.37459
2.91456 1.34377 3.97048e-08 3.87756e-13 0.142409 1.38776
2.92684 1.35604 -1.82552e-08 2.4859e-13 0.141538 1.40032
2.93911 1.36831 -6.36696e-08 1.91082e-13 0.140673 1.41221
2.95138 1.38058 5.46837e-08 9.66339e-14 0.139815 1.4234
2.96365 1.39285 9.31356e-08 7.61863e-14 0.138964 1.43383
2.97592 1.40513 -1.25101e-07 9.10271e-14 0.138121 1.44347
2.98819 1.4174 -1.23271e-07 -6.33614e-14 0.137283 1.45229
3.00047 1.42967 2.50588e-07 1.45664e-13 0.136449 1.46026
3.01274 1.44194 1.43489e-07 -5.28791e-14 0.135617 1.46735
3.02501 1.45421 -4.62037e-07 -1.21787e-13 0.134781 1.47355
3.03728 1.46649 -1.3488e-07 4.45682e-13 0.133938 1.47884
3.04955 1.47876 8.0483e-07 -6.87525e-13 0.133084 1.48322
3.06183 1.49103 6.77566e-08 5.61881e-13 0.132213 1.48668
3.0741 1.5033 -1.34691e-06 2.79873e-13 0.13132 1.48923
3.08637 1.51557 9.95323e-08 -1.8167e-12 0.130401 1.49088
3.09864 1.52784 2.19294e-06 3.33054e-12 0.129453 1.49163
3.11091 1.54012 -4.18049e-07 -3.26932e-12 0.128473 1.4915
3.12318 1.55239 -3.50819e-06 -8.16166e-14 0.127459 1.49052
3.13546 1.56466 9.36612e-07 7.02815e-12 0.126413 1.4887
3.14773 1.56466 5.55616e-06 -1.45346e-11 0.125336 1.48608
3.16 1.55239 -1.66918e-06 1.56437e-11 0.124232 1.48268
3.17227 1.54012 -8.75198e-06 -2.39318e-12 0.123104 1.47853
3.18454 1.52784 2.51798e-06 -2.69375e-11 0.12196 1.47367
3.19682 1.51557 1.37276e-05 5.92641e-11 0.120805 1.46814
3.20909 1.5033 -3.11419e-06 -6.46732e-11 0.119647 1.46197
3.22136 1.49103 -2.13834e-05 1.03275e-11 0.118491 1.45519
3.23363 1.47876 2.52465e-06 1.07654e-10 0.117343 1.44786
3.2459 1.46649 3.28437e-05 -2.30141e-10 0.116207 1.44001
3.25818 1.45421 1.22829e-06 2.34131e-10 0.115084 1.43167
3.27045 1.44194 -4.91284e-05 -9.45828e-13 0.113973 1.42289
3.28272 1.42967 -1.18389e-05 -4.50745e-10 0.11287 1.4137
3.29499 1.4174 7.0196e-05 8.49534e-10 0.111769 1.40414
3.30726 1.40513 3.53894e-05 -7.21578e-10 0.11066 1.39424
3.31953 1.39285 -9.28871e-05 -2.83198e-10 0.10953 1.38404
3.33181 1.38058 -8.03071e-05 1.88498e-09 0.108368 1.37357
3.34408 1.36831 0.000107385 -2.88952e-09 0.107159 1.36286
3.35635 1.35604 0.00015493 1.66922e-09 0.10589 1.35193
3.36862 1.34377 -9.26433e-05 2.40651e-09 0.104548 1.3408
3.38089 1.3315 -0.000259869 -7.34666e-09 0.103125 1.3295
3.39317 1.31922 1.36947e-05 8.43481e-09 0.101614 1.31805
3.40544 1.30695 0.000372419 -1.18856e-09 0.100015 1.30646
3.41771 1.29468 0.000171322 -1.32863e-08 0.0983318 1.29475
3.42998 1.28241 -0.000424765 2.47226e-08 0.0965727 1.28295
3.44225 1.27014 -0.000480873 -1.7769e-08 0.0947513 1.27105
3.45452 1.25786 0.000291604 -1.43829e-08 0.092885 1.25908
3.4668 1.24559 0.000845132 5.49164e-08 0.0909934 1.24705
3.47907 1.23332 0.0001729 -6.39246e-08 0.0890972 1.23498
3.49134 1.22105 -0.00102476 7.22454e-09 0.0872157 1.22286
3.50361 1.20878 -0.000992421 9.8261e-08 0.0853654 1.21072
3.51588 1.19651 0.000607982 -1.65095e-07 0.0835573 1.19855
3.52816 1.18423 0.00181511 8.73455e-08 0.081796 1.18636
3.54043 1.17196 0.000728515 1.43928e-07 0.0800775 1.17416
3.5527 1.15969 -0.00175021 -3.57896e-07 0.0783893 1.16193
3.56497 1.14742 -0.00257761 2.85396e-07 0.0767103 1.1497
3.57724 1.13515 -0.000186556 1.73867e-07 0.0750111 1.13744
3.58952 1.12287 0.0031976 -7.05188e-07 0.0732564 1.12517
3.60179 1.1106 0.00356748 6.93534e-07 0.0714067 1.11288
3.61406 1.09833 -0.000324418 1.85913e-07 0.0694215 1.10057
3.62633 1.08606 -0.00496916 -1.34621e-06 0.0672622 1.08826
3.6386 1.07379 -0.00533852 1.45787e-06 0.0648957 1.07594
3.65087 1.06151 -7.42502e-05 2.57502e-07 0.0622969 1.06363
3.66315 1.04924 0.00677416 -2.60957e-06 0.059452 1.05133
3.67542 1.03697 0.00893908 2.80273e-06 0.0563596 1.03904
3.68769 1.0247 0.00325153 6.9902e-07 0.053032 1.02676
3.69996 1.01243 -0.00705639 -5.20417e-06 0.0494955 1.01449
3.71223 1.00016 -0.0142304 4.96979e-06 0.0457883 1.00221
3.72451 0.987884 -0.0120023 2.41062e-06 0.04196 0.989933
3.73678 0.975612 -0.000236493 -1.04243e-05 0.0380679 0.977636
3.74905 0.96334 0.0152128 7.78969e-06 0.0341731 0.965319
3.76132 0.951068 0.0256049 7.59696e-06 0.0303397 0.952983
3.77359 0.938796 0.0234334 -2.00013e-05 0.0266276 0.940633
3.78586 0.926524 0.00688106 9.28934e-06 0.0230917 0.928282
3.79814 0.914253 -0.0186601 2.06859e-05 0.0197809 0.915944
3.81041 0.901981 -0.0440546 -3.44197e-05 0.0167299 0.903628
3.82268 0.889709 -0.0604114 2.70411e-06 0.0139662 0.891342
3.83495 0.877437 -0.0599062 4.77813e-05 0.0115055 0.879081
3.84722 0.865165 -0.0368505 -4.73198e-05 0.00934738 0.866833
3.8595 0.852893 0.00950345 -2.67518e-05 0.00749031 0.854578
3.87177 0.840621 0.0757071 8.93175e-05 0.00591803 0.842296
3.88404 0.82835 0.158767 -3.48e-05 0.00460494 0.829975
3.89631 0.816078 0.257053 -9.63585e-05 0.00353479 0.817613
3.90858 0.803806 0.366741 0.000117915 0.00267175 0.805227
3.92085 0.791534 0.482422 4.89093e-05 0.00198458 0.792842
3.93313 0.779262 0.60239 -0.000190102 0.00145928 0.78049
3.9454 0.76699 0.728536 4.99949e-05 0.00105137 0.768192
3.95767 0.754719 0.859894 0.000225432 0.000741304 0.755954
3.96994 0.742447 0.9916 -0.000185009 0.000527089 0.743753
3.98221 0.730175 1.12206 -0.000212579 0.000357293 0.731552
3.99449 0.717903 1.25553 0.000345469 0.000235136 0.719303
4.00676 0.705631 1.39436 0.00014479 0.000172025 0.706974
4.01903 0.693359 1.53346 -0.000529924 0.000101362 0.694568
4.0313 0.681087 1.66724 -6.42023e-06 5.70011e-05 0.682116
4.04357 0.668816 1.79847 0.000735143 6.19985e-05 0.66968
4.05585 0.656544 1.9344 -0.000226179 1.81623e-05 0.657331
4.06812 0.644272 2.07512 -0.000945297 -1.01979e-06 0.645095
4.08039 0.632 2.21164 0.000567805 4.21829e-05 0.63296
4.09266 0.619728 2.33758 0.001138 -7.61449e-06 0.620863
4.10493 0.607456 2.4582 -0.00100599 -2.72102e-05 0.608695
4.1172 0.595185 2.58401 -0.00130805 5.4512e-05 0.596386
4.12948 0.582913 2.71684 0.00149458 -1.34495e-05 0.583925
4.14175 0.570641 2.84605 0.00149429 -5.70091e-05 0.571354
4.15402 0.558369 2.95994 -0.00195778 7.94981e-05 0.558822
4.16629 0.546097 3.05889 -0.00179182 -1.33864e-07 0.546453
4.17856 0.533825 3.15563 0.00228872 -0.000107331 0.53429
4.19084 0.521553 3.26252 0.00233699 0.000101378 0.522321
4.20311 0.509282 3.37901 -0.00232615 5.21201e-05 0.510383
4.21538 0.49701 3.49134 -0.00325416 -0.000180812 0.498257
4.22765 0.484738 3.58378 0.00180969 8.39095e-05 0.48587
4.23992 0.472466 3.65122 0.00454535 0.000169543 0.473215
4.25219 0.460194 3.70304 -0.000352628 -0.000241731 0.460418
4.26447 0.447922 3.7567 -0.00590317 -3.94074e-05 0.447803
4.27674 0.435651 3.82665 -0.00246766 0.000339056 0.43555
4.28901 0.423379 3.91626 0.00647747 -0.00017909 0.423632
4.30128 0.411107 4.01659 0.00674136 -0.000314988 0.411973
4.31355 0.398835 4.11109 -0.00479266 0.000415873 0.400248
4.32583 0.386563 4.18264 -0.0114763 0.000157023 0.388051
4.3381 0.374291 4.219 -0.000700174 -0.000598733 0.375368
4.35037 0.362019 4.21524 0.013783 0.000101999 0.36237
4.36264 0.349748 4.17314 0.00983805 0.000684475 0.349251
4.37491 0.337476 4.09889 -0.00927583 -0.000407728 0.336509
4.38719 0.325204 4.00059 -0.018042 -0.00067 0.324524
4.39946 0.312932 3.88617 -0.0042239 0.000711018 0.313065
4.41173 0.30066 3.76224 0.0158394 0.000585169 0.301789
4.424 0.288388 3.6338 0.0196632 -0.000984157 0.290446
4.43627 0.276117 3.50425 0.00337604 -0.000478056 0.278456
4.44854 0.263845 3.37573 -0.018388 0.00122284 0.265445
4.46082 0.251573 3.24954 -0.0269137 0.000402776 0.251866
4.47309 0.239301 3.1264 -0.0119532 -0.00143686 0.238265
4.48536 0.227029 3.00666 0.0194415 -0.000414435 0.224856
4.49763 0.214757 2.8905 0.0423764 0.00163394 0.212176
4.5099 0.202485 2.77802 0.0317194 0.000569346 0.200803
4.52218 0.190214 2.66917 -0.0116223 -0.00179902 0.190335
4.53445 0.177942 2.56394 -0.0552554 -0.000923333 0.179928
4.54672 0.16567 2.46231 -0.0624465 0.00187002 0.169339
4.55899 0.153398 2.3642 -0.0249831 0.00151651 0.158307
4.57126 0.141126 2.26949 0.0324542 -0.00171488 0.145947
4.58353 0.128854 2.1782 0.0766074 -0.0023304 0.131908
4.59581 0.116583 2.09023 0.088865 0.00112702 0.117017
4.60808 0.104311 2.00542 0.0669183 0.00320884 0.101951
4.62035 0.0920388 1.92375 0.014243 0.000122139 0.0865958
4.63262 0.079767 1.84519 -0.0627648 -0.00376156 0.0713526
4.64489 0.0674952 1.76956 -0.147243 -0.00211953 0.0575379
4.65717 0.0552233 1.69673 -0.208708 0.00333341 0.0457879
4.66944 0.0429515 1.62673 -0.21464 0.00451337 0.0354616
4.68171 0.0306796 1.5595 -0.14867 -0.001208 0.0262577
4.69398 0.0184078 1.4948 -0.018209 -0.00620518 0.0189998
4.70625 0.00613592 1.43254 0.155482 -0.00277802 0.0140632
4.71852 0 1.37279 0.354932 0.00542523 0.010352
4.7308 0 1.31548 0.576124 0.00731205 0.00682823
4.74307 0 1.26033 0.82368 -0.000767829 0.00400189
4.75534 0 1.20725 1.09842 -0.00918003 0.00276894
4.76761 0 1.15636 1.3894 -0.00672208 0.00253576
4.77988 0 1.10763 1.67681 0.0048173 0.00182016
4.79216 0 1.06076 1.94263 0.0119774 0.000422606
4.80443 0 1.01558 2.18024 0.00553879 -0.000330389
4.8167 0 0.972235 2.39621 -0.00822065 0.00027679
4.82897 0 0.930818 2.60388 -0.0142181 0.00110024
4.84124 0 0.891097 2.81376 -0.0052483 0.000695037
4.85352 0 0.85276 3.02678 0.0101187 -0.000597934
4.86579 0 0.815803 3.23388 0.016487 -0.00107354
4.87806 0 0.780457 3.42101 0.00720486 -2.37877e-05
4.89033 0 0.74676 3.57614 -0.00943537 0.00122216
4.9026 0 0.714405 3.69453 -0.0184977 0.000989467
4.91487 0 0.683078 3.78032 -0.01206 -0.00055817
4.92715 0 0.652809 3.84435 0.0045102 -0.00155881
4.93942 0 0.623876 3.89983 0.0180119 -0.000720829
4.95169 0 0.596393 3.9578 0.0183955 0.00108427
4.96396 0 0.570104 4.02415 0.00580727 0.00179354
4.97623 0 0.544624 4.09872 -0.0107898 0.000506926
4.98851 0 0.519826 4.17623 -0.0207181 -0.0014743
5.00078 0 0.495934 4.24839 -0.0183971 -0.00203301
5.01305 0 0.473247 4.30615 -0.00569318 -0.000481974
5.02532 0 0.451791 4.34172 0.0103372 0.00170615
5.03759 0 0.431254 4.34973 0.0217417 0.00236749
5.04986 0 0.411249 4.32783 0.0233004 0.000768455
5.06214 0 0.391633 4.27644 0.0142137 -0.00169099
5.07441 0 0.372601 4.1982 -0.00206951 -0.0027799
5.08668 0 0.35449 4.09716 -0.0192838 -0.0014537
5.09895 0 0.337483 3.97807 -0.0305076 0.00123832
5.11122 0 0.321446 3.84574 -0.0305829 0.00306952
5.1235 0 0.306014 3.70469 -0.0181592 0.00249618
5.13577 0 0.290836 3.55888 0.00341817 -0.000111577
5.14804 0 0.275793 3.41155 0.0269287 -0.00279604
5.16031 0 0.26105 3.26523 0.0437132 -0.00353309
5.17258 0 0.24693 3.12176 0.0468709 -0.0017258
5.18486 0 0.233706 2.98241 0.0339377 0.00140784
5.19713 0 0.221437 2.84802 0.00794542 0.00373618
5.2094 0 0.209939 2.7191 -0.0235531 0.00368167
5.22167 0 0.198877 2.59595 -0.0510543 0.00123384
5.23394 0 0.187927 2.47863 -0.0662314 -0.00210363
5.24621 0 0.176909 2.3671 -0.0644618 -0.00430132
5.25849 0 0.165853 2.26117 -0.045951 -0.00404061
5.27076 0 0.15496 2.16062 -0.0152613 -0.00144692
5.28303 0 0.144516 2.06521 0.0203714 0.00204971
5.2953 0 0.134768 1.97469 0.0532099 0.00456085
5.30757 0 0.125847 1.88885 0.0769375 0.00476432
5.31985 0 0.117726 1.80746 0.087825 0.0025531
5.33212 0 0.11024 1.73029 0.0849865 -0.000979849
5.34439 0 0.103138 1.6571 0.0698814 -0.00414026
5.35666 0 0.096156 1.58765 0.0454073 -0.00546349
5.36893 0 0.0890748 1.52169 0.0149543 -0.00436626
5.3812 0 0.0817644 1.45902 -0.018302 -0.00134708
5.39348 0 0.0741985 1.39947 -0.0517473 0.00229876
5.40575 0 0.0664458 1.34287 -0.0833388 0.0050707
5.41802 0 0.0586457 1.28909 -0.111406 0.00588065
5.43029 0 0.0509754 1.23798 -0.134396 0.00444751
5.44256 0 0.0436188 1.1894 -0.150696 0.00134396
5.45484 0 0.03674 1.14317 -0.158599 -0.0022777
5.46711 0 0.0304661 1.09916 -0.156427 -0.00513961
5.47938 0 0.0248794 1.05721 -0.142752 -0.00628828
5.49165 0 0.0200165 1.01722 -0.11665 -0.00538683
5.50392 0 0.0158734 0.979072 -0.0778958 -0.00277352
5.51619 0 0.0124141 0.942694 -0.0270706 0.000700759
5.52847 0 0.00957991 0.908006 0.0344717 0.00397464
5.54074 0 0.00729879 0.874935 0.104749 0.00610727
5.55301 0 0.00549316 0.843397 0.181384 0.0065363
5.56528 0 0.00408613 0.813304 0.261876 0.00519971
5.57755 0 0.00300572 0.784565 0.343867 0.00250704
5.58983 0 0.00218752 0.757089 0.425352 -0.000810369
5.6021 0 0.00157592 0.730796 0.504826 -0.0039135
5.61437 0 0.00112435 0.705618 0.581335 -0.00607039
5.62664 0 0.000794776 0.681501 0.654454 -0.00681868
5.63891 0 0.000556867 0.658402 0.724204 -0.00604525
5.65119 0 0.000386898 0.636285 0.790926 -0.00397697
5.66346 0 0.000266655 0.615117 0.855132 -0.00109839
5.67573 0 0.000182376 0.59486 0.917377 0.00197474
5.688 0 0.000123824 0.575473 0.978137 0.00463234
5.70027 0 8.34843e-05 0.556908 1.03773 0.00638808
5.71254 0 5.59118e-05 0.539113 1.09628 0.00695809
5.72482 0 3.72076e-05 0.522037 1.15368 0.00629167
5.73709 0 2.46101e-05 0.505631 1.20966 0.00455585
5.74936 0 1.61833e-05 0.489853 1.26377 0.00208428
5.76163 0 1.05828e-05 0.47467 1.3155 -0.000695178
5.7739 0 6.88377e-06 0.460055 1.36428 -0.00333829
5.78618 0 4.45493e-06 0.44599 1.40961 -0.00545432
5.79845 0 2.86907e-06 0.432461 1.45102 -0.00675827
5.81072 0 1.83916e-06 0.419456 1.4882 -0.00710051
5.82299 0 1.17372e-06 0.406961 1.52096 -0.00647321
5.83526 0 7.45856e-07 0.394959 1.54924 -0.00499667
5.84753 0 4.72034e-07 0.383431 1.57317 -0.00289061
5.85981 0 2.97573e-07 0.372352 1.59298 -0.000436814
5.87208 0 1.8689e-07 0.361695 1.60902 0.00206079
5.88435 0 1.16956e-07 0.351431 1.62172 0.0043133
5.89662 0 7.29398e-08 0.341532 1.63157 0.00607747
5.90889 0 4.53394e-08 0.331972 1.63907 0.00717744
5.92117 0 2.8094e-08 0.322731 1.64474 0.00751667
5.93344 0 1.73555e-08 0.31379 1.64904 0.00708047
5.94571 0 1.06905e-08 0.305138 1.65243 0.00593036
5.95798 0 6.56669e-09 0.296767 1.65527 0.00419196
5.97025 0 4.02284e-09 0.288672 1.65787 0.00203861
5.98253 0 2.45812e-09 0.28085 1.66047 -0.000327396
5.9948 0 1.49831e-09 0.273298 1.66321 -0.00269405
6.00707 0 9.11108e-10 0.266013 1.6662 -0.00485772
6.01934 0 5.52776e-10 0.25899 1.66946 -0.00663892
6.03161 0 3.34639e-10 0.252222 1.67296 -0.00789488
6.04388 0 2.02158e-10 0.245697 1.67662 -0.00852828
6.05616 0 1.21878e-10 0.239405 1.68034 -0.00849219
6.06843 0 7.33348e-11 0.23333 1.68396 -0.00779092
6.0807 0 4.40434e-11 0.227457 1.68734 -0.00647738
6.09297 0 2.64038e-11 0.221771 1.69032 -0.00464733
6.10524 0 1.58014e-11 0.216258 1.69272 -0.00243091
6.11752 0 9.4405e-12 0.210904 1.6944 1.71649e-05
6.12979 0 5.63106e-12 0.205699 1.6952 0.00252926
6.14206 0 3.35356e-12 0.200635 1.695 0.00493553
6.15433 0 1.99419e-12 0.195705 1.69368 0.00707591
6.1666 0 1.18411e-12 0.190906 1.69115 0.00880871
6.17887 0 7.02114e-13 0.186237 1.68733 0.0100205
6.19115 0 4.15746e-13 0.181697 1.68219 0.0106306
6.20342 0 2.45853e-13 0.177288 1.67569 0.0105966
6.21569 0 1.452e-13 0.17301 1.66782 0.00991481
6.22796 0 8.56483e-14 0.168865 1.65859 0.00861927
6.24023 0 5.04603e-14 0.164853 1.64803 0.00678153
6.25251 0 2.96936e-14 0.16097 1.63617 0.00449808
6.26478 0 1.74552e-14 0.15722 1.62309 0.00189926
6.27705 0 1.02454e-14 0.15359 1.60882 -0.000885219
