0.00613592 0 
0.0184078 0 
0.0306796 0 
0.0429515 0 
0.0552233 0 
0.0674952 0 
0.079767 0 
0.0920388 0 
0.104311 0 
0.116583 0 
0.128854 0 
0.141126 0 
0.153398 0 
0.16567 0 
0.177942 0 
0.190214 0 
0.202485 0 
0.214757 0 
0.227029 0 
0.239301 0 
0.251573 0 
0.263845 0 
0.276117 0 
0.288388 0 
0.30066 0 
0.312932 0 
0.325204 0 
0.337476 0 
0.349748 0 
0.362019 0 
0.374291 0 
0.386563 0 
0.398835 0 
0.411107 0 
0.423379 0 
0.435651 0 
0.447922 0 
0.460194 0 
0.472466 0 
0.484738 0 
0.49701 0 
0.509282 0 
0.521553 0 
0.533825 0 
0.546097 0 
0.558369 0 
0.570641 0 
0.582913 0 
0.595185 0 
0.607456 0 
0.619728 0 
0.632 0 
0.644272 0 
0.656544 0 
0.668816 0 
0.681087 0 
0.693359 0 
0.705631 0 
0.717903 0 
0.730175 0 
0.742447 0 
0.754719 0 
0.76699 0 
0.779262 0 
0.791534 0 
0.803806 0 
0.816078 0 
0.82835 0 
0.840621 0 
0.852893 0 
0.865165 0 
0.877437 0 
0.889709 0 
0.901981 0 
0.914253 0 
0.926524 0 
0.938796 0 
0.951068 0 
0.96334 0 
0.975612 0 
0.987884 0 
1.00016 0 
1.01243 0 
1.0247 0 
1.03697 0 
1.04924 0 
1.06151 0 
1.07379 0 
1.08606 0 
1.09833 0 
1.1106 0 
1.12287 0 
1.13515 0 
1.14742 0 
1.15969 0 
1.17196 0 
1.18423 0 
1.19651 0 
1.20878 0 
1.22105 0 
1.23332 0 
1.24559 0 
1.25786 0 
1.27014 0 
1.28241 0 
1.29468 0 
1.30695 0 
1.31922 0 
1.3315 0 
1.34377 0 
1.35604 0 
1.36831 0 
1.38058 0 
1.39285 0 
1.40513 0 
1.4174 0 
1.42967 0 
1.44194 0 
1.45421 0 
1.46649 0 
1.47876 0 
1.49103 0 
1.5033 0 
1.51557 0 
1.52784 0 
1.54012 0 
1.55239 0 
1.56466 0 
1.57693 0.0063512 
1.5892 0.0204139 
1.60148 0.0364516 
1.61375 0.0546734 
1.62602 0.0753071 
1.63829 0.0986009 
1.65056 0.124825 
1.66284 0.154273 
1.67511 0.187264 
1.68738 0.224145 
1.69965 0.26529 
1.71192 0.311106 
1.72419 0.362032 
1.73647 0.418545 
1.74874 0.481157 
1.76101 0.550422 
1.77328 0.626937 
1.78555 0.711345 
1.79783 0.804336 
1.8101 0.906653 
1.82237 1.01909 
1.83464 1.14251 
1.84691 1.27782 
1.85918 1.42601 
1.87146 1.58812 
1.88373 1.76526 
1.896 1.95864 
1.90827 2.16952 
1.92054 2.39926 
1.93282 2.64928 
1.94509 2.92113 
1.95736 3.21641 
1.96963 3.53684 
1.9819 3.88424 
1.99418 4.26051 
2.00645 4.66769 
2.01872 5.1079 
2.03099 5.58338 
2.04326 6.09649 
2.05553 6.6497 
2.06781 7.24561 
2.08008 7.88692 
2.09235 8.57647 
2.10462 9.31721 
2.11689 10.1122 
2.12917 10.9647 
2.14144 11.878 
2.15371 12.8555 
2.16598 13.9009 
2.17825 15.0177 
2.19052 16.2098 
2.2028 17.481 
2.21507 18.8355 
2.22734 20.2772 
2.23961 21.8103 
2.25188 23.4392 
2.26416 25.1681 
2.27643 27.0015 
2.2887 28.9438 
2.30097 30.9994 
2.31324 33.173 
2.32551 35.469 
2.33779 37.8918 
2.35006 40.4461 
2.36233 43.1361 
2.3746 45.9664 
2.38687 48.941 
2.39915 52.0643 
2.41142 55.3403 
2.42369 58.7727 
2.43596 62.3653 
2.44823 66.1217 
2.46051 70.0449 
2.47278 74.1381 
2.48505 78.4039 
2.49732 82.8446 
2.50959 87.4622 
2.52186 92.2585 
2.53414 97.2345 
2.54641 102.391 
2.55868 107.729 
2.57095 113.247 
2.58322 118.945 
2.5955 124.822 
2.60777 130.876 
2.62004 137.104 
2.63231 143.504 
2.64458 150.071 
2.65685 156.802 
2.66913 163.691 
2.6814 170.733 
2.69367 177.921 
2.70594 185.248 
2.71821 192.706 
2.73049 200.287 
2.74276 207.982 
2.75503 215.78 
2.7673 223.671 
2.77957 231.644 
2.79185 239.686 
2.80412 247.786 
2.81639 255.929 
2.82866 264.103 
2.84093 272.292 
2.8532 280.482 
2.86548 288.658 
2.87775 296.804 
2.89002 304.903 
2.90229 312.94 
2.91456 320.897 
2.92684 328.758 
2.93911 336.505 
2.95138 344.122 
2.96365 351.592 
2.97592 358.896 
2.98819 366.019 
3.00047 372.942 
3.01274 379.651 
3.02501 386.128 
3.03728 392.358 
3.04955 398.325 
3.06183 404.014 
3.0741 409.411 
3.08637 414.502 
3.09864 419.275 
3.11091 423.717 
3.12318 427.817 
3.13546 431.564 
3.14773 431.564 
3.16 427.817 
3.17227 423.717 
3.18454 419.275 
3.19682 414.502 
3.20909 409.411 
3.22136 404.014 
3.23363 398.325 
3.2459 392.358 
3.25818 386.128 
3.27045 379.651 
3.28272 372.942 
3.29499 366.019 
3.30726 358.896 
3.31953 351.592 
3.33181 344.122 
3.34408 336.505 
3.35635 328.758 
3.36862 320.897 
3.38089 312.94 
3.39317 304.903 
3.40544 296.804 
3.41771 288.658 
3.42998 280.482 
3.44225 272.292 
3.45452 264.103 
3.4668 255.929 
3.47907 247.786 
3.49134 239.686 
3.50361 231.644 
3.51588 223.671 
3.52816 215.78 
3.54043 207.982 
3.5527 200.287 
3.56497 192.706 
3.57724 185.248 
3.58952 177.921 
3.60179 170.733 
3.61406 163.691 
3.62633 156.802 
3.6386 150.071 
3.65087 143.504 
3.66315 137.104 
3.67542 130.876 
3.68769 124.822 
3.69996 118.945 
3.71223 113.247 
3.72451 107.729 
3.73678 102.391 
3.74905 97.2345 
3.76132 92.2585 
3.77359 87.4622 
3.78586 82.8446 
3.79814 78.4039 
3.81041 74.1381 
3.82268 70.0449 
3.83495 66.1217 
3.84722 62.3653 
3.8595 58.7727 
3.87177 55.3403 
3.88404 52.0643 
3.89631 48.941 
3.90858 45.9664 
3.92085 43.1361 
3.93313 40.4461 
3.9454 37.8918 
3.95767 35.469 
3.96994 33.173 
3.98221 30.9994 
3.99449 28.9438 
4.00676 27.0015 
4.01903 25.1681 
4.0313 23.4392 
4.04357 21.8103 
4.05585 20.2772 
4.06812 18.8355 
4.08039 17.481 
4.09266 16.2098 
4.10493 15.0177 
4.1172 13.9009 
4.12948 12.8555 
4.14175 11.878 
4.15402 10.9647 
4.16629 10.1122 
4.17856 9.31721 
4.19084 8.57647 
4.20311 7.88692 
4.21538 7.24561 
4.22765 6.6497 
4.23992 6.09649 
4.25219 5.58338 
4.26447 5.1079 
4.27674 4.66769 
4.28901 4.26051 
4.30128 3.88424 
4.31355 3.53684 
4.32583 3.21641 
4.3381 2.92113 
4.35037 2.64928 
4.36264 2.39926 
4.37491 2.16952 
4.38719 1.95864 
4.39946 1.76526 
4.41173 1.58812 
4.424 1.42601 
4.43627 1.27782 
4.44854 1.14251 
4.46082 1.01909 
4.47309 0.906653 
4.48536 0.804336 
4.49763 0.711345 
4.5099 0.626937 
4.52218 0.550422 
4.53445 0.481157 
4.54672 0.418545 
4.55899 0.362032 
4.57126 0.311106 
4.58353 0.26529 
4.59581 0.224145 
4.60808 0.187264 
4.62035 0.154273 
4.63262 0.124825 
4.64489 0.0986009 
4.65717 0.0753071 
4.66944 0.0546734 
4.68171 0.0364516 
4.69398 0.0204139 
4.70625 0.0063512 
4.71852 0 
4.7308 0 
4.74307 0 
4.75534 0 
4.76761 0 
4.77988 0 
4.79216 0 
4.80443 0 
4.8167 0 
4.82897 0 
4.84124 0 
4.85352 0 
4.86579 0 
4.87806 0 
4.89033 0 
4.9026 0 
4.91487 0 
4.92715 0 
4.93942 0 
4.95169 0 
4.96396 0 
4.97623 0 
4.98851 0 
5.00078 0 
5.01305 0 
5.02532 0 
5.03759 0 
5.04986 0 
5.06214 0 
5.07441 0 
5.08668 0 
5.09895 0 
5.11122 0 
5.1235 0 
5.13577 0 
5.14804 0 
5.16031 0 
5.17258 0 
5.18486 0 
5.19713 0 
5.2094 0 
5.22167 0 
5.23394 0 
5.24621 0 
5.25849 0 
5.27076 0 
5.28303 0 
5.2953 0 
5.30757 0 
5.31985 0 
5.33212 0 
5.34439 0 
5.35666 0 
5.36893 0 
5.3812 0 
5.39348 0 
5.40575 0 
5.41802 0 
5.43029 0 
5.44256 0 
5.45484 0 
5.46711 0 
5.47938 0 
5.49165 0 
5.50392 0 
5.51619 0 
5.52847 0 
5.54074 0 
5.55301 0 
5.56528 0 
5.57755 0 
5.58983 0 
5.6021 0 
5.61437 0 
5.62664 0 
5.63891 0 
5.65119 0 
5.66346 0 
5.67573 0 
5.688 0 
5.70027 0 
5.71254 0 
5.72482 0 
5.73709 0 
5.74936 0 
5.76163 0 
5.7739 0 
5.78618 0 
5.79845 0 
5.81072 0 
5.82299 0 
5.83526 0 
5.84753 0 
5.85981 0 
5.87208 0 
5.88435 0 
5.89662 0 
5.90889 0 
5.92117 0 
5.93344 0 
5.94571 0 
5.95798 0 
5.97025 0 
5.98253 0 
5.9948 0 
6.00707 0 
6.01934 0 
6.03161 0 
6.04388 0 
6.05616 0 
6.06843 0 
6.0807 0 
6.09297 0 
6.10524 0 
6.11752 0 
6.12979 0 
6.14206 0 
6.15433 0 
6.1666 0 
6.17887 0 
6.19115 0 
6.20342 0 
6.21569 0 
6.22796 0 
6.24023 0 
6.25251 0 
6.26478 0 
6.27705 0 
